# 0;1;2;3;4;5;6;7;8;9;10;
-7.864004143799033564e+00;-8.407004972386463493e+00;-1.321585295431288287e+01;-3.945178328513547967e+02;2.321261605473820211e+00;6.146322331638215175e+00;2.421997492998150747e+01;9.458265894975676602e+00;2.416102771676476912e+00;-8.540255246749243190e-01
-8.161968129461625665e+01;-4.916511065517819579e-01;9.729130729980224324e-01;8.401297201612198506e+00;5.050081165634114910e+00;8.705910813270869575e-01;5.850248738565372308e-01;-3.243995064499526393e+01;9.427586192216240946e+00;nan
-5.803473388667783617e-01;-5.869252768228392370e+00;4.796485395711963529e-01;-2.820672374998214771e+00;-8.877409923183113838e-01;-3.147975087578078757e+00;4.996297994699089529e+00;9.427585626179480371e+00;-7.584406552901586940e-01;nan
4.268608852848325697e+00;-4.220619635695988414e+00;-1.734071405377610953e+00;-1.348764803477552832e+01;1.911167436275724718e+00;7.610957177947641483e-01;-2.138614325309168507e+00;-1.139949102484437660e+01;nan;nan
-1.280373309302229812e+00;3.117663479774931634e+00;2.816249264811450104e+00;8.125293939261869269e+00;1.391499100227239971e+01;-1.017643368162725714e+00;9.458423139479174679e+00;-7.584406655347070147e-01;nan;nan
-2.290706733007920326e-01;-2.865504654135908602e+00;-1.069599715075856139e+01;3.534052853149760143e+00;-1.398563695346441094e+01;9.458422956008627480e+00;-2.810506296943016125e+01;1.912237248208884743e+00;nan;nan
-1.244595196320916983e+02;1.085497952576101994e+02;-3.771996014392717811e+00;-2.367057338474907056e+02;-6.396106555459082799e+00;6.999647155806018262e+00;4.563950386902680734e+00;2.416102771682544947e+00;nan;nan
-1.984704680031363910e-01;1.524091152399680960e+00;6.728873413244569335e+00;-1.145288830335983832e+01;4.874745312036682066e+01;4.563950386902667411e+00;-3.825939530136733424e+01;nan;nan;nan
2.704395546401292094e+01;-1.453576838095632207e+00;1.049524921774802699e+01;1.752615044340691597e+01;-1.940765178792597467e+00;7.696570835220276408e+00;2.416102779002118339e+00;nan;nan;nan
9.873946945478833115e+00;1.639601973823324066e+00;1.873896394988667780e-01;-3.688506667410701567e+01;-2.136875918498622795e+00;-2.801020632721077774e+01;-2.177554388934773044e+01;nan;nan;nan
4.407101174607060301e+00;3.044651447530433330e+01;-6.884949045625374353e+00;4.101655525688693160e+01;-2.279746852486310260e+00;-7.584406655347074588e-01;-1.139949102484842669e+01;nan;nan;nan
-1.406299212696199419e+01;-1.247598444123063866e+00;-8.171061652509897799e-01;1.839105653725227540e+01;5.745320241963594032e-01;-1.140570186897135407e+00;1.910630755883221177e+00;nan;nan;nan
1.444138066563157174e+01;-5.384072853278586201e+00;3.900874877561083753e+00;3.360752861081242493e+00;-4.980643060984465187e+00;1.910630756054167101e+00;9.427585626165638999e+00;nan;nan;nan
1.038355742668685622e+01;-1.365360120780645303e+01;-4.399588111514735056e-02;-7.058956399483901079e-02;-6.195420718528851012e+00;7.916681391731903439e+00;-7.584406655347070147e-01;nan;nan;nan
-8.760393235804967205e+00;-1.424675931825608011e+01;-2.775663582479462654e+00;4.874745312036682066e+01;-3.772975087402301586e+00;-2.136875948300945183e+00;1.215182492602176580e+02;nan;nan;nan
2.207360696317606674e+00;3.011825289961272034e+01;-1.804898172104735465e+01;9.040387684468502272e+00;-1.214114694530178618e+01;3.046137302007277281e+00;nan;nan;nan;nan
-7.759138649252632547e+01;1.665642481809599618e+00;-5.893396427230851664e+00;3.584306441122656839e+00;5.345997245245660778e+00;7.664343063855237892e-01;nan;nan;nan;nan
-1.301681497381218300e+01;-4.427573638651123744e+00;-1.145188107966841251e+01;-6.699241395775289654e+00;5.850248738561961703e-01;5.850248738565372308e-01;nan;nan;nan;nan
-3.253727396025314356e+00;-1.398563695346350144e+01;1.260690730377506119e+00;8.481908611189867830e-01;7.443886625124191525e+00;2.421997492998153589e+01;nan;nan;nan;nan
-9.237972541249710901e+00;2.055179441253155215e+00;-5.606028546494212605e+01;-4.129211742626464954e+00;8.125293939261890586e+00;6.827562287405471864e+01;nan;nan;nan;nan
5.290370526214235980e+00;2.101786115305977987e+01;5.386888637852687900e+00;1.338691206571670733e+01;6.432445303017900962e+00;1.971384882698450980e+01;nan;nan;nan;nan
7.785181039890961330e+00;-1.453299915282550714e+01;-4.744437135620579227e+01;1.275497897889201369e+02;7.664343063855362237e-01;1.418978060079999004e+01;nan;nan;nan;nan
-2.654920520430045894e+00;1.675213001277908731e+01;-1.677873266482082348e+00;-3.449519685415958214e+00;-4.315665296834662712e+00;1.205150525439090643e+02;nan;nan;nan;nan
-3.199627719590655950e+00;-2.977876215933681436e+01;1.419047314011718131e+00;-4.980638637937562230e+00;-6.899039370083395184e+00;-1.139949102484842669e+01;nan;nan;nan;nan
-1.366386501965368083e+01;-1.036000355547859630e+00;-4.088255038127616814e+00;4.365246931761473803e+01;-3.460067365253058469e+00;2.416102780399102201e+00;nan;nan;nan;nan
-1.851596214854942701e+01;-9.023180214386523623e-01;3.502008079161066689e+02;3.772974973232015916e+00;-5.212123125872418772e-01;-1.822878155177706816e+01;nan;nan;nan;nan
3.947439991122823066e+00;-4.333286506234020408e+01;-1.724137720917096939e+00;-1.144391233128056129e+01;3.066185722378764189e-01;9.427585626190195356e+00;nan;nan;nan;nan
1.616672653605155219e+00;4.197055780957665405e+00;3.549926890372126387e+00;1.013330136298102602e+01;-6.386986575336357497e+00;-2.177554387350953391e+01;nan;nan;nan;nan
-2.829500397091832298e+01;-1.480831949022047844e+00;1.643799070729266676e+00;-1.051064588299076341e+00;-2.506121908647720886e+01;4.996297994699089529e+00;nan;nan;nan;nan
-3.177703612872829764e-01;1.644372158721045807e+00;5.763370295631088602e+00;2.495807483455023501e+01;-2.303898246028796137e+01;-3.825939537959843051e+01;nan;nan;nan;nan
-1.595533690129474769e+00;-1.705901093461453133e+00;9.039613947261447180e+00;-3.932513501752793461e-01;1.630147022777769550e+01;-1.602180134331764521e+02;nan;nan;nan;nan
9.660920492701682960e+00;1.095960995372932523e+01;-9.082262424348698460e+00;4.087742445799120716e+00;-7.584406239133024696e-01;nan;nan;nan;nan;nan
4.079768446696229844e+00;-1.145832419100691268e+01;2.547686288187795078e+00;-5.121320477663569015e+00;-1.564797097160308859e+01;nan;nan;nan;nan;nan
1.660519594416517641e+00;-8.297892830422501476e+00;-8.229409094382878820e+00;-7.733382639343223452e+00;6.146322425776146403e+00;nan;nan;nan;nan;nan
8.303528158035250462e-01;-3.834771548226572513e+00;-2.610478668273834124e+00;-1.409415390952707092e+01;6.979634389999896271e+00;nan;nan;nan;nan;nan
3.100268014103034631e+01;6.944021859030885757e+00;5.053710569666950647e+00;1.200158866578339811e+01;-1.140565534009552628e+00;nan;nan;nan;nan;nan
1.193561071855831983e+02;1.322009006654892005e+01;-4.493129027271444142e-01;2.257867892495236717e+01;4.580598880844075182e+00;nan;nan;nan;nan;nan
-2.788713152216221403e+00;4.565923860361851716e+00;-2.274039214316163182e+00;-2.274039233856059994e+00;7.696570835249380238e+00;nan;nan;nan;nan;nan
-5.328661810858859482e+00;6.113725437308804578e-01;-3.342051946009956396e+02;-7.087769222217367826e+00;-3.246673714548951040e+00;nan;nan;nan;nan;nan
6.722312206366927612e+00;1.684914205994054726e+00;5.360514640714687751e+00;6.827562287405721975e+01;2.117426364507277281e+00;nan;nan;nan;nan;nan
-2.465604611358411802e+01;-6.631893091951794883e-01;1.567692580481163702e+02;-1.628229389060359011e+01;-2.539142543878074587e+00;nan;nan;nan;nan;nan
-2.264858844902662760e+00;6.025898526211243222e+00;1.030802736433184563e+01;-2.297462211637548268e+00;4.563950386944504167e+00;nan;nan;nan;nan;nan
-2.236118957015509068e+01;1.122529155866658135e+00;2.400188526525344132e-02;-4.054975258200856914e+00;6.827562287405699237e+01;nan;nan;nan;nan;nan
-3.187046169583247490e+00;-8.547546723972267557e+00;-6.636460774574521437e+00;2.695638915046946193e-01;-2.801020632721086301e+01;nan;nan;nan;nan;nan
-2.224309757959939304e+01;3.127786461626490322e+00;-5.542684917619787655e+01;2.321261548139274211e+00;1.501634402712930916e+00;nan;nan;nan;nan;nan
-3.871768182725495500e+00;7.689547052738413768e+00;3.534052853149513229e+00;-3.829913643823974212e+01;4.996297994710248602e+00;nan;nan;nan;nan;nan
6.450191353732805943e+00;-4.144482614712923230e+00;-2.301777923294410222e+00;-1.735562199850953391e+01;9.458422954361987323e+00;nan;nan;nan;nan;nan
1.632578269906684554e+01;-6.629851906988547228e+01;-4.054970289129260053e+00;7.664343063855360016e-01;7.455910813270869575e-01;nan;nan;nan;nan;nan
6.556752776730928822e+00;2.132721414621404410e+00;2.388940764807129469e+00;5.763053100782767224e+00;7.916681391732471873e+00;nan;nan;nan;nan;nan
9.834414543768904560e-01;2.211554356731739546e+01;-7.471555158037702427e+00;-4.297850577460726740e+00;-3.825939538685642560e+01;nan;nan;nan;nan;nan
1.907645594308105208e+00;-1.668021733196412226e+00;-2.035286736325448764e+00;-6.450436607397071143e+00;2.421997492998155010e+01;nan;nan;nan;nan;nan
-2.324419967629466122e+00;2.816249265457518192e+00;-2.624645471365798954e+00;-2.082520530779837387e+01;7.610871748869287856e-01;nan;nan;nan;nan;nan
-8.526686878953444904e+00;-6.604226100038045055e-02;4.365413094034378272e-01;3.290690662448030324e+00;-1.735635442038453391e+01;nan;nan;nan;nan;nan
-1.015138015033866026e+00;-5.468103608349069944e+00;-1.215657002190583036e+01;-1.822877970403325065e+01;-1.366439999447311315e+00;nan;nan;nan;nan;nan
4.487592065051355661e+00;1.273242113933390307e+01;3.302815602938674289e+01;-1.139949102484893828e+01;1.971384882697723384e+01;nan;nan;nan;nan;nan
-2.497769330879243199e+01;-1.591009688203685934e+00;-5.314896606070203866e+00;-2.800963969836391509e+00;-1.139949102484899512e+01;nan;nan;nan;nan;nan
-7.665555829060222948e+01;-1.264466694220905296e+01;-4.087742756237544128e+00;-5.465759997789230162e+00;1.205150601733035955e+02;nan;nan;nan;nan;nan
5.691110513732350107e+00;4.661071816576814797e+00;-2.800963969836391509e+00;-1.564797097147715199e+01;9.427585611056203518e+00;nan;nan;nan;nan;nan
-3.633864522231421645e+00;2.321261544276707056e+00;3.598497007412931659e+00;-8.936725362031102682e-01;-1.602168091249958479e+02;nan;nan;nan;nan;nan
3.660729391261474230e+00;4.526737214990043334e+00;-1.268620721660559170e+01;1.690121098556286228e+01;2.416169473223577668e+00;nan;nan;nan;nan;nan
4.540118020474474214e+00;1.958430111662641693e+01;3.611698387139564148e-01;1.630147022781043731e+01;1.418978060081636094e+01;nan;nan;nan;nan;nan
2.336834771854612569e+01;3.648564026736411670e+00;-9.284155561891944686e+00;-3.633864522216754711e+00;-1.822878155177723869e+01;nan;nan;nan;nan;nan
-1.618896726982044676e+00;1.194679354855825437e+00;2.495807483455023501e+01;5.898352064621074919e-02;nan;nan;nan;nan;nan;nan
-2.382861218777947876e+00;1.039107373872472095e+01;-4.297850576063742878e+00;2.506763555417752087e+00;nan;nan;nan;nan;nan;nan
7.189242732229779165e+00;9.898068753118975849e+01;-7.717956803806864663e+00;7.696449740962938435e+00;nan;nan;nan;nan;nan;nan
5.477310643478833008e+00;1.994638961647195341e+00;-2.669426100425122517e+00;4.992391744710248602e+00;nan;nan;nan;nan;nan;nan
2.599581123819844741e+00;2.513842461911905701e+01;-3.277181235985413998e+00;-2.279746852471758345e+00;nan;nan;nan;nan;nan;nan
7.405549066973308392e+00;3.183579161019246762e+00;-1.130797677289120173e+01;3.078021803035705517e+01;nan;nan;nan;nan;nan;nan
2.395456391663902007e+00;-1.010033463096968802e+02;2.683691704765244168e+01;3.539137625246742580e+00;nan;nan;nan;nan;nan;nan
3.717590133532991103e+01;-1.355968295762292186e+01;2.416169530752300787e+00;-1.687231246288843689e+00;nan;nan;nan;nan;nan;nan
-2.875429923136004096e+00;1.534851953390620194e+00;-6.581756884443067390e-01;2.375772015013756011e+00;nan;nan;nan;nan;nan;nan
4.643924714990025571e+00;-3.852053373819129600e+00;2.476094212827261387e+00;-8.801244519340570838e-01;nan;nan;nan;nan;nan;nan
3.146211218123945130e+01;-1.828064623656378895e+00;2.703897014579547342e+00;-1.297251610908449315e+00;nan;nan;nan;nan;nan;nan
-2.865202100353480219e+00;3.237793453966165913e+00;3.673249883066347921e-01;6.432445305438307948e+00;nan;nan;nan;nan;nan;nan
1.829122665897247035e+00;-2.961133127160996636e+00;-4.129257518993652454e+00;-6.383568606586357497e+00;nan;nan;nan;nan;nan;nan
-2.244925504293630691e+00;-1.587410298024283684e+00;2.117426364332540611e+00;-2.801020644642015256e+01;nan;nan;nan;nan;nan;nan
-6.070807491637746356e-01;-1.518460664271432226e+00;5.406732683954811769e+00;1.418978060128202223e+01;nan;nan;nan;nan;nan;nan
-2.082592437823265996e+01;2.547686288188335091e+00;9.647685316845173276e+00;2.416169530765033713e+00;nan;nan;nan;nan;nan;nan
-8.217753444722222866e+01;7.435124608875321783e+00;-2.236115389820423616e+01;-1.238930312009250834e+01;nan;nan;nan;nan;nan;nan
5.312722863698484232e+00;-7.065162944466550243e+00;1.143734433090813063e+01;-1.170842295436172797e+01;nan;nan;nan;nan;nan;nan
-7.475539165795331842e-01;1.168928230729091133e+01;-7.087769226341613660e+00;-2.506121908275191856e+01;nan;nan;nan;nan;nan;nan
2.031318426889392903e+00;7.189592755293838877e+01;1.227881562711771402e+01;1.971384882697723384e+01;nan;nan;nan;nan;nan;nan
4.693879607487294159e+00;1.486394220340070262e+02;-1.138316745841217070e+01;-6.083051728607244968e+00;nan;nan;nan;nan;nan;nan
-1.306184933044781005e+00;-2.898405235774029975e+00;-2.840194049828528744e+00;-2.303717465886250437e+01;nan;nan;nan;nan;nan;nan
-2.208268466614034864e+00;-3.253727396047142228e+00;5.143283808243987565e+00;5.850248738561861783e-01;nan;nan;nan;nan;nan;nan
-8.513716962525952781e+00;-2.669426106944380539e+00;-4.161707099847444802e+00;6.146421607905052653e+00;nan;nan;nan;nan;nan;nan
6.610473576193411027e+00;4.598855824455932328e+00;-1.012616804216704691e-01;9.427585611317789827e+00;nan;nan;nan;nan;nan;nan
8.641690424107071777e+00;-2.259325003873760451e+00;-1.238930237503444864e+01;-1.236233172219956211e+00;nan;nan;nan;nan;nan;nan
4.527102554522678624e+00;5.182779350137352914e+00;1.009766175004257072e+01;2.421997492996699819e+01;nan;nan;nan;nan;nan;nan
1.210273542818022108e+01;6.888095365995887676e-01;-7.058956399483895527e-02;-4.988445552888615353e+00;nan;nan;nan;nan;nan;nan
2.509290791122491537e+00;3.360729756743940033e+00;-1.632168091249957342e+02;1.205150601733076883e+02;nan;nan;nan;nan;nan;nan
3.539137722315669699e+00;-2.624645469794192110e+00;5.285895941587694935e+00;1.391499092473538290e+01;nan;nan;nan;nan;nan;nan
-7.209282364717035207e+00;-1.591380561722929770e+02;1.968053892202442867e+01;-3.246673714403431887e+00;nan;nan;nan;nan;nan;nan
5.587052326443079586e+00;2.008382633875068546e+00;4.568815909866128067e+00;7.455910813258310732e-01;nan;nan;nan;nan;nan;nan
-2.871073863117879377e+00;5.559744732593015826e+00;2.985069611656832933e+00;-1.949287212484003717e+00;nan;nan;nan;nan;nan;nan
-9.870653928101204011e-01;5.401764926623219942e+00;1.338981406317066636e+01;5.053710569725158308e+00;nan;nan;nan;nan;nan;nan
-3.198046168985866800e+00;-7.617276459933215449e-01;3.275495808874940185e+00;7.443886625124305212e+00;nan;nan;nan;nan;nan;nan
1.089457838499207298e+00;-4.068473588858793164e+02;4.975948113055513211e+00;4.580896427230793932e+00;nan;nan;nan;nan;nan;nan
2.722084931688606435e+00;-3.964177855792871519e+00;-1.170842295436718494e+01;-6.215159069822314919e+00;nan;nan;nan;nan;nan;nan
1.209676945777429014e+00;-6.699532555402481826e+00;-3.945872298240110467e+02;-2.539142505337327105e+00;nan;nan;nan;nan;nan;nan
-3.213185568137930215e+00;-1.292374226490372813e+00;-3.688506547270089442e+01;-1.140565534009541970e+00;nan;nan;nan;nan;nan;nan
-6.121742251885460284e+00;5.557789606110310476e-01;6.432444241990453726e+00;3.066185803178273495e-01;nan;nan;nan;nan;nan;nan
9.438948550376560220e+00;1.278163322670297504e+02;-3.852053374048322265e+00;2.421065903742469771e+01;nan;nan;nan;nan;nan;nan
-3.581015562285795539e+00;-9.596730239260480744e+00;5.314808280352798064e+00;5.345997245196548064e+00;nan;nan;nan;nan;nan;nan
-9.827989431911542395e-01;-2.221300106733216650e-01;1.960327946111653397e+00;1.960327946577314684e+00;nan;nan;nan;nan;nan;nan
-1.692893658505836640e+01;-2.330032678151733039e-01;-2.303839327582493723e+01;-9.704758174469503285e-01;nan;nan;nan;nan;nan;nan
-3.609265253801327233e+00;-1.044338528085063444e+01;1.210532951959424963e+01;-1.398563695346441094e+01;nan;nan;nan;nan;nan;nan
-1.812141740706154636e+01;-1.478023787235921205e+00;-1.949282001399962994e+00;-1.632168091249958479e+02;nan;nan;nan;nan;nan;nan
-2.673296769324546407e+00;1.847175346307981192e+00;-6.396046525058222798e+00;-6.396106555459210696e+00;nan;nan;nan;nan;nan;nan
3.860841659531776937e+00;9.237282452467347582e+00;1.494819404973538823e+01;6.979634390914542408e+00;nan;nan;nan;nan;nan;nan
6.100243062836989338e+01;5.143282992172581558e+00;4.826155007369816730e+00;-1.108255928184977357e+01;nan;nan;nan;nan;nan;nan
2.075206760695607500e+00;-3.409485140340942166e+01;-6.083051728606960751e+00;7.610871745813385658e-01;nan;nan;nan;nan;nan;nan
-4.427573638651123744e+00;4.226020574018676118e-02;-1.193600115579331211e+00;-7.584406239133024696e-01;nan;nan;nan;nan;nan;nan
2.681828771177587445e+00;-2.047184880546839558e-01;1.357774078592574440e+01;-6.195368735085878598e+00;nan;nan;nan;nan;nan;nan
2.107930042117547753e+00;5.745320216085521015e-01;1.974130785700526580e+00;2.117426364332654298e+00;nan;nan;nan;nan;nan;nan
8.196911907904668837e+00;3.767181730822587171e-02;5.898355681863402811e-02;9.418458523828514117e+00;nan;nan;nan;nan;nan;nan
5.312494966035611332e-01;-9.263396835793843209e+00;-7.617276459933215449e-01;5.745320216552312065e-01;nan;nan;nan;nan;nan;nan
1.743925443785579432e+01;-1.325646109392661920e+01;8.401297196460820516e+00;1.529277421595473863e+00;nan;nan;nan;nan;nan;nan
-1.359345164455341592e+00;5.648557503117065615e+00;-1.075217708793630678e+01;4.563952571827264215e+00;nan;nan;nan;nan;nan;nan
-3.978883873131518811e+00;-4.457989267640378728e+00;-6.720333957778027667e+00;-3.460067365253058469e+00;nan;nan;nan;nan;nan;nan
2.989283004483091477e-01;-1.727601914558612561e+00;5.976329235739072487e+00;-5.212123125848580063e-01;nan;nan;nan;nan;nan;nan
2.011527868647419481e+01;1.838980625929113444e+01;3.441234483788547571e+00;7.916681391070359730e+00;nan;nan;nan;nan;nan;nan
4.240912608802958061e+00;1.507575781475579024e+00;4.144522896204369644e+00;-2.136875918498622795e+00;nan;nan;nan;nan;nan;nan
-9.562601119800345773e-02;-4.087742756332131577e+00;-2.506121908278829835e+01;-4.315665296834659159e+00;nan;nan;nan;nan;nan;nan
-3.932801008053481151e-02;2.587639137022178204e+01;-6.728691261157402792e+00;8.058312516632254301e+02;nan;nan;nan;nan;nan;nan
2.522396128982752117e+00;3.356987931657691604e+00;6.025898526210459849e+00;nan;nan;nan;nan;nan;nan;nan
-8.278514275877491002e-01;-4.469208860468738109e+00;2.540582699090048635e+01;nan;nan;nan;nan;nan;nan;nan
8.022222588605125715e-01;1.301757180826447202e+00;-5.546657569679612765e-01;nan;nan;nan;nan;nan;nan;nan
5.506358522359994367e+01;5.105384797298975208e+00;1.529240228297134019e+00;nan;nan;nan;nan;nan;nan;nan
2.319346047852103965e+01;-1.332014163792188066e+00;-1.298579525743672303e+00;nan;nan;nan;nan;nan;nan;nan
9.141539671422163948e+00;-5.023571557981949098e+00;2.376020450898470138e+00;nan;nan;nan;nan;nan;nan;nan
-1.185472778067523159e+01;1.214114694530178795e+01;-8.134751720220287918e-01;nan;nan;nan;nan;nan;nan;nan
8.972817043200567166e-01;-3.221939803743434361e+00;1.013457547186774477e+01;nan;nan;nan;nan;nan;nan;nan
-2.230651906689665953e+00;-7.896372466920269506e-01;1.216980129586373316e+01;nan;nan;nan;nan;nan;nan;nan
1.757963494478525845e+01;-6.396837822208375712e+01;4.874747066908593496e+01;nan;nan;nan;nan;nan;nan;nan
-3.314167701212537231e+00;-1.724137720922166661e+00;5.745320216555616089e-01;nan;nan;nan;nan;nan;nan;nan
2.262429154173626955e+01;-2.927198897166664437e+01;-3.246747736029323761e+00;nan;nan;nan;nan;nan;nan;nan
-5.380208023641733561e+00;1.291078668533530260e+00;-1.169813088625232211e+01;nan;nan;nan;nan;nan;nan;nan
-1.277240924654453602e+00;-1.985199200775239348e+01;2.055178989887303587e+01;nan;nan;nan;nan;nan;nan;nan
3.954175853007528474e+01;1.429461813977538132e+00;-3.062695673613284875e+00;nan;nan;nan;nan;nan;nan;nan
1.546573242674865512e+00;-2.356403550160932614e+00;-5.212123125848882044e-01;nan;nan;nan;nan;nan;nan;nan
2.310005546921260589e+01;-3.940590827631114124e-01;1.154579598077037916e+00;nan;nan;nan;nan;nan;nan;nan
6.133073930444142841e-01;3.685262073356732060e+00;2.784301677887653703e+00;nan;nan;nan;nan;nan;nan;nan
-5.742395432812889666e+00;-2.371271327678016405e+00;-3.411507789973063254e+00;nan;nan;nan;nan;nan;nan;nan
3.953486320279413935e+00;5.584211102493602752e+00;-5.465759997789230162e+00;nan;nan;nan;nan;nan;nan;nan
3.393954368806489374e-01;4.326765865364171759e+01;-6.450438112168937366e+00;nan;nan;nan;nan;nan;nan;nan
8.598080520148831951e-02;-6.303864433758689323e+00;-1.735547672342197245e+01;nan;nan;nan;nan;nan;nan;nan
-1.093747926816205407e+01;1.044345444035571058e+00;6.827562287277665121e+01;nan;nan;nan;nan;nan;nan;nan
-1.021280957345564389e+01;-5.231243739213522304e+02;1.185025968130919161e+01;nan;nan;nan;nan;nan;nan;nan
2.223908452247697198e+01;-3.663815032416760431e+00;7.696449740418293217e+00;nan;nan;nan;nan;nan;nan;nan
3.598916804091020794e+01;-6.056414038189213755e+00;8.125293939261883480e+00;nan;nan;nan;nan;nan;nan;nan
4.653680901322692876e+01;6.598328965781510291e+00;-4.980805400557772877e+00;nan;nan;nan;nan;nan;nan;nan
-2.395377206550531657e+00;-1.094653571995348251e+01;-1.539678099408998690e+00;nan;nan;nan;nan;nan;nan;nan
-3.445629308349224829e+01;-2.636758122051103381e+00;-3.829909977742508431e+01;nan;nan;nan;nan;nan;nan;nan
8.552862145224627843e-01;-8.390962060869039618e+00;-2.297462211636532192e+00;nan;nan;nan;nan;nan;nan;nan
4.587391244819874814e+00;-4.995453827246754130e+00;3.539137628972032878e+00;nan;nan;nan;nan;nan;nan;nan
2.509094765701042284e+00;7.692859664737943248e+00;-2.082520530779769175e+01;nan;nan;nan;nan;nan;nan;nan
-2.978966173280345942e+01;-6.383568491655331023e+00;1.391543630215193694e+01;nan;nan;nan;nan;nan;nan;nan
-5.568892432506229895e+00;2.183321170784988752e+01;2.111834771851690817e+01;nan;nan;nan;nan;nan;nan;nan
3.775871735658554940e+00;-9.440920516842957966e+00;-2.789868198109677788e+00;nan;nan;nan;nan;nan;nan;nan
-2.860369723143647747e+01;1.119885419179391306e+01;-9.275322271086387793e-02;nan;nan;nan;nan;nan;nan;nan
9.551712361610299240e+00;1.298560964393887573e+01;-1.145832419099236077e+01;nan;nan;nan;nan;nan;nan;nan
1.457046144277830138e+02;4.079736396219354688e+00;8.063036148572156891e-01;nan;nan;nan;nan;nan;nan;nan
-5.069608556828684165e+00;-2.185508561538191508e+00;3.705953490066678513e-01;nan;nan;nan;nan;nan;nan;nan
-2.912644410570666054e+01;4.263768077116144584e-01;-5.073072396650707638e+00;nan;nan;nan;nan;nan;nan;nan
7.826925965523537343e+01;-7.483963698633276707e+00;-5.854406071628692310e+00;nan;nan;nan;nan;nan;nan;nan
5.572381948463148049e+00;-8.309104240950766496e+00;-2.636758122051103381e+00;nan;nan;nan;nan;nan;nan;nan
-7.244661801289865588e-01;-1.053981395990505732e+01;8.247581253553859426e+01;nan;nan;nan;nan;nan;nan;nan
-3.420761146946535991e-01;-3.434914041391214923e+00;7.455910813258106451e-01;nan;nan;nan;nan;nan;nan;nan
1.839105644828118358e+01;3.302815602798975902e+01;1.804868026746826226e+00;nan;nan;nan;nan;nan;nan;nan
-2.433327164599917936e+00;6.979352509373528690e+00;7.443886625127406731e+00;nan;nan;nan;nan;nan;nan;nan
-2.964872156367658107e+01;-2.386104633736888303e+01;3.077923979892700146e+01;nan;nan;nan;nan;nan;nan;nan
1.870881626420732635e+00;-1.663508770343164045e+01;-8.936723349821183993e-01;nan;nan;nan;nan;nan;nan;nan
-3.339876310271908011e+00;1.658568181125782104e+01;5.850248738562714435e-01;nan;nan;nan;nan;nan;nan;nan
3.207556161476621703e+00;-5.553378968261837301e+00;-1.462925043856546203e+00;nan;nan;nan;nan;nan;nan;nan
3.030431597600219362e+01;-2.344064874304417678e+00;2.421997492251641759e+01;nan;nan;nan;nan;nan;nan;nan
-2.341705266379420003e+00;-6.141330148988728865e+00;-2.946817404201901525e+00;nan;nan;nan;nan;nan;nan;nan
-5.095206488585885651e+00;4.610911936139822309e+00;7.806904637140769765e+00;nan;nan;nan;nan;nan;nan;nan
-2.977876215933635962e+01;-1.697450311627610953e+00;9.302489124765481066e+00;nan;nan;nan;nan;nan;nan;nan
8.556059399296467305e+00;4.178175783471172799e+00;-2.136785667622239870e+00;nan;nan;nan;nan;nan;nan;nan
-1.989354094797242567e+01;-1.632168091249957342e+02;4.992391744710248602e+00;nan;nan;nan;nan;nan;nan;nan
3.302815602799021377e+01;1.034092571976576735e+01;-1.273904940109034456e+01;nan;nan;nan;nan;nan;nan;nan
3.782372071621052267e+00;-3.688506547272999825e+01;-6.195368735085878598e+00;nan;nan;nan;nan;nan;nan;nan
1.752467051045541879e+01;-7.717956624992930337e+00;-7.389495800859854135e+00;nan;nan;nan;nan;nan;nan;nan
7.582712788057919262e+00;3.016069952610429539e+00;2.795730191104797413e+01;nan;nan;nan;nan;nan;nan;nan
-7.321518261185286924e+00;-1.035218077306102025e+01;-5.121320477487127043e+00;nan;nan;nan;nan;nan;nan;nan
-8.107514043963448103e+00;3.609849546475431659e+00;-1.822894021934163078e+01;nan;nan;nan;nan;nan;nan;nan
4.101642092198747491e+01;-1.998056810045211407e+00;2.352634882697723384e+01;nan;nan;nan;nan;nan;nan;nan
-3.852348803251428588e+00;5.157383353959471783e+00;3.903558268728371417e+00;nan;nan;nan;nan;nan;nan;nan
6.471679599426831686e+00;-6.450438112168933813e+00;-6.699241395804393484e+00;nan;nan;nan;nan;nan;nan;nan
-8.406839880529847875e+00;1.953014273247246280e+01;-1.209208128304869589e+01;nan;nan;nan;nan;nan;nan;nan
-3.654592272221290905e+00;1.752467051045496405e+01;1.205150601702108588e+02;nan;nan;nan;nan;nan;nan;nan
3.031475247589474176e+00;-2.009903486815362239e+00;7.605410252728797005e-01;nan;nan;nan;nan;nan;nan;nan
-5.049895272289014692e+00;-5.314896606138501234e+00;-1.140565534044784890e+00;nan;nan;nan;nan;nan;nan;nan
5.059005646350644980e+00;2.495807495375952456e+01;-1.145288580724071537e+01;nan;nan;nan;nan;nan;nan;nan
1.254283272809582250e+01;1.839105644921250615e+01;3.584306281168004649e+00;nan;nan;nan;nan;nan;nan;nan
-3.164895937079546417e+00;8.125294416099041683e+00;-5.742357269535686370e+00;nan;nan;nan;nan;nan;nan;nan
-3.663815032412554018e+00;5.285895941575416757e+00;4.563952477298022892e+00;nan;nan;nan;nan;nan;nan;nan
-5.724371003431521387e+01;-1.831133278802460906e-01;3.066185803469311799e-01;nan;nan;nan;nan;nan;nan;nan
-1.239338858927315989e+00;-2.162051847666350213e+01;-8.801244519340428729e-01;nan;nan;nan;nan;nan;nan;nan
-2.397464975478688132e+01;-6.425140615938837563e+00;-4.315609983724307597e+00;nan;nan;nan;nan;nan;nan;nan
1.194679354855825437e+00;5.699161803093338641e+00;-9.704758174469501064e-01;nan;nan;nan;nan;nan;nan;nan
3.350814238642569443e+00;-1.683499998421805977e+00;-1.823889163404737834e+00;nan;nan;nan;nan;nan;nan;nan
1.089723766572965102e+00;-2.463369461529890003e+00;-1.348762520318433289e+01;nan;nan;nan;nan;nan;nan;nan
1.689564906147021928e+00;1.006797058060046091e+01;-6.264261925559494459e-01;nan;nan;nan;nan;nan;nan;nan
1.618524254591985345e+00;4.304827628093657488e+00;4.101650007695570821e+01;nan;nan;nan;nan;nan;nan;nan
1.583535990144686778e+01;-7.469191965515098452e+00;-4.988445552888650880e+00;nan;nan;nan;nan;nan;nan;nan
4.889585579749544664e-01;-1.348147795431288287e+01;-1.845207650975001945e+00;nan;nan;nan;nan;nan;nan;nan
1.074734559997311933e+01;-1.201077975843796608e+00;6.146420454434759151e+00;nan;nan;nan;nan;nan;nan;nan
-2.508739512447638376e+00;3.052277450618051446e+00;3.772974963052269093e+00;nan;nan;nan;nan;nan;nan;nan
-1.057153571995348251e+01;6.471887623689168478e+00;1.630147022781566690e+01;nan;nan;nan;nan;nan;nan;nan
-5.971906009782683711e+00;-7.058959847560208889e-02;8.569132013862869712e+00;nan;nan;nan;nan;nan;nan;nan
6.585053982866449829e+00;2.397102426192905186e-02;-7.730910715515098452e+00;nan;nan;nan;nan;nan;nan;nan
-5.682759446632536182e+00;3.775874877572334753e+00;4.365246931764020388e+01;nan;nan;nan;nan;nan;nan;nan
5.763370295547628253e+00;6.054970290351354478e+00;-2.809222980641261813e+01;nan;nan;nan;nan;nan;nan;nan
1.586823872513141609e+01;5.572379066629169486e+00;-7.584439978742495425e-01;nan;nan;nan;nan;nan;nan;nan
7.017871027250860427e-01;7.455909891248757582e-01;-6.383569560260673903e+00;nan;nan;nan;nan;nan;nan;nan
-1.035218077154762106e+01;4.568815909866124514e+00;1.200158866578307126e+01;nan;nan;nan;nan;nan;nan;nan
2.043454585630282594e+00;6.001846852136659471e+00;9.427585611128614929e+00;nan;nan;nan;nan;nan;nan;nan
-1.988782020948660412e+00;1.357774078592688127e+01;-2.279746852471756569e+00;nan;nan;nan;nan;nan;nan;nan
1.690206236340622326e+01;-8.270189682039070789e+00;1.690206236340767276e+01;nan;nan;nan;nan;nan;nan;nan
-5.905208843544489383e+00;8.643004364124253769e+00;1.765931455333389266e+01;nan;nan;nan;nan;nan;nan;nan
-5.519663148194582369e+00;-3.364038538312407178e-01;1.839105642312888023e+01;nan;nan;nan;nan;nan;nan;nan
-2.773552160089689522e-01;7.449333499037328110e+00;7.916681391070246043e+00;nan;nan;nan;nan;nan;nan;nan
-1.012616804216278366e-01;3.181801527946313879e+00;1.338691206589496829e+01;nan;nan;nan;nan;nan;nan;nan
-7.469523185848236935e+00;4.365246930949113136e+01;-1.051064588299040814e+00;nan;nan;nan;nan;nan;nan;nan
-2.083305962000046030e+00;2.062929920498266956e+00;8.481942585837389803e-01;nan;nan;nan;nan;nan;nan;nan
2.918344937451198717e+00;-7.373252891307513934e+00;-2.367057338474324979e+02;nan;nan;nan;nan;nan;nan;nan
-4.643985138426462989e-01;5.406733384978775980e+00;2.321261544275740718e+00;nan;nan;nan;nan;nan;nan;nan
-2.633688490774187230e+01;5.077234010309543244e+00;-1.106292236771574800e+01;nan;nan;nan;nan;nan;nan;nan
-1.362654631146841933e+00;-5.160801632307207676e+00;-1.409415390952648828e+01;nan;nan;nan;nan;nan;nan;nan
-1.354186514070101932e+00;-5.095206489140252870e+00;3.360752852077586006e+00;nan;nan;nan;nan;nan;nan;nan
-8.305368484009281183e-01;1.338981406317051004e+01;3.291169406954866261e+00;nan;nan;nan;nan;nan;nan;nan
-6.663530099738196100e+01;-1.735547672262161711e+01;-2.820672374998896892e+00;nan;nan;nan;nan;nan;nan;nan
-4.297850607538530099e+00;5.898355681863402811e-02;-3.633864522231306626e+00;nan;nan;nan;nan;nan;nan;nan
3.183491274685330907e+01;-1.677873266482089454e+00;-2.801020644631828915e+01;nan;nan;nan;nan;nan;nan;nan
1.298560964394581063e+01;-4.121743627372625340e+00;2.695638915045809325e-01;nan;nan;nan;nan;nan;nan;nan
2.653184794827422976e+01;1.968053893491287809e+01;6.979352270954949589e+00;nan;nan;nan;nan;nan;nan;nan
5.287392171558732201e+00;-5.212123125855039341e-01;-1.564506768838367812e+01;nan;nan;nan;nan;nan;nan;nan
-1.051972759280791259e+00;-6.747179661908487835e-01;-3.932509115223467022e-01;nan;nan;nan;nan;nan;nan;nan
2.513842452090454316e+01;-2.493210317505073714e+00;1.418978060128207908e+01;nan;nan;nan;nan;nan;nan;nan
-3.616870980686446746e+00;3.253123371137346398e-01;-3.292331305425847177e+00;nan;nan;nan;nan;nan;nan;nan
1.507575748116119829e+00;-4.161707099833802381e+00;-6.215261634514812172e+00;nan;nan;nan;nan;nan;nan;nan
1.409030514313560190e+00;1.157477215630859462e+02;1.752467038933937360e+01;nan;nan;nan;nan;nan;nan;nan
-9.415320048047788326e-01;-1.052335836162810345e+00;-1.398563695346441094e+01;nan;nan;nan;nan;nan;nan;nan
-4.988445569528765944e+00;-1.151075025011581765e+00;2.506763556116244018e+00;nan;nan;nan;nan;nan;nan;nan
-2.946779294482148259e+00;2.094881856876804616e+00;2.257867892495242401e+01;nan;nan;nan;nan;nan;nan;nan
2.409075456356802203e+00;-5.356542524909083625e+01;1.275497917396860004e+02;nan;nan;nan;nan;nan;nan;nan
-4.031051006157086114e+00;-7.471555158037730848e+00;-1.687231253739424286e+00;nan;nan;nan;nan;nan;nan;nan
-2.623363680007321896e+00;-1.531507948237733341e-01;8.106715573247070097e+02;nan;nan;nan;nan;nan;nan;nan
-2.466977717094383848e+00;-5.742372528324748870e+00;nan;nan;nan;nan;nan;nan;nan;nan
-3.068200008311067872e+00;-1.265626697059443195e+01;nan;nan;nan;nan;nan;nan;nan;nan
8.366127527429741306e+00;1.409030484511237802e+00;nan;nan;nan;nan;nan;nan;nan;nan
7.241957088733340653e-01;-5.406840910257715294e-01;nan;nan;nan;nan;nan;nan;nan;nan
-8.654280211905741282e+01;-4.399588111514736444e-02;nan;nan;nan;nan;nan;nan;nan;nan
4.742195335731076433e+00;-8.801244519340428729e-01;nan;nan;nan;nan;nan;nan;nan;nan
3.408340012828080939e-02;-1.046914832052352828e+01;nan;nan;nan;nan;nan;nan;nan;nan
6.001352878643083422e+00;-1.370214112999516232e+00;nan;nan;nan;nan;nan;nan;nan;nan
-8.540251783968791366e-02;1.419418514611240134e+01;nan;nan;nan;nan;nan;nan;nan;nan
-3.378793666034543008e+00;2.921981453244136162e+00;nan;nan;nan;nan;nan;nan;nan;nan
9.046999788328744074e+00;6.887970499957350723e-02;nan;nan;nan;nan;nan;nan;nan;nan
-8.255297103914070789e+00;1.154564339287975416e+00;nan;nan;nan;nan;nan;nan;nan;nan
-4.182164135795576776e+00;-2.074441140986345289e+01;nan;nan;nan;nan;nan;nan;nan;nan
-2.492105373531822710e-01;3.814886019929344911e+02;nan;nan;nan;nan;nan;nan;nan;nan
1.061438917604836440e+01;8.695343941773195695e+00;nan;nan;nan;nan;nan;nan;nan;nan
-1.320550765701825568e+01;-2.367057338474327253e+02;nan;nan;nan;nan;nan;nan;nan;nan
-2.775662162329514793e+00;-9.704758174469501064e-01;nan;nan;nan;nan;nan;nan;nan;nan
5.081664570880519705e-01;1.873894395796531498e-01;nan;nan;nan;nan;nan;nan;nan;nan
3.136849261933219335e+00;1.998551335782234872e+00;nan;nan;nan;nan;nan;nan;nan;nan
-1.457480245233369054e+01;-5.854406071602316963e+00;nan;nan;nan;nan;nan;nan;nan;nan
5.168807765278790711e+00;8.569147272651932212e+00;nan;nan;nan;nan;nan;nan;nan;nan
9.037685357549678500e-01;3.903558258824606497e+00;nan;nan;nan;nan;nan;nan;nan;nan
2.695643108646262887e-01;8.976604759543731049e+00;nan;nan;nan;nan;nan;nan;nan;nan
-1.963840537200274738e+00;-6.720333957747104847e+00;nan;nan;nan;nan;nan;nan;nan;nan
-3.292326668348326990e+00;4.493276798961405305e-01;nan;nan;nan;nan;nan;nan;nan;nan
1.395742066582482366e+01;3.507750565938809739e+00;nan;nan;nan;nan;nan;nan;nan;nan
2.556983685232568746e+02;4.874747066908592075e+01;nan;nan;nan;nan;nan;nan;nan;nan
-8.146909293275367503e+00;3.268150453911458726e+02;nan;nan;nan;nan;nan;nan;nan;nan
-6.383568488177423284e+00;4.282776419696999071e+00;nan;nan;nan;nan;nan;nan;nan;nan
2.894451864962428900e+00;7.916681391070196305e+00;nan;nan;nan;nan;nan;nan;nan;nan
5.479792594480946022e+00;2.695643108646262887e-01;nan;nan;nan;nan;nan;nan;nan;nan
8.043422766928843615e+00;1.231443260347925950e+00;nan;nan;nan;nan;nan;nan;nan;nan
-3.574345276736409893e+00;-2.809222953417265956e+01;nan;nan;nan;nan;nan;nan;nan;nan
-6.483719438654535594e+00;7.383621240872555447e+00;nan;nan;nan;nan;nan;nan;nan;nan
-2.155016452563335605e+01;2.538671566494148379e+01;nan;nan;nan;nan;nan;nan;nan;nan
-2.046592361337947086e+00;-2.297461812347933563e+00;nan;nan;nan;nan;nan;nan;nan;nan
9.943125828059202753e-01;-2.946698213617105822e+00;nan;nan;nan;nan;nan;nan;nan;nan
1.181320766132539291e+01;3.207414319166736583e+00;nan;nan;nan;nan;nan;nan;nan;nan
-4.799079875399585404e+01;2.784301392124418406e+00;nan;nan;nan;nan;nan;nan;nan;nan
-1.727993366684136589e+01;-1.348762979646727089e+01;nan;nan;nan;nan;nan;nan;nan;nan
2.610173626187848317e+00;6.961590016829350525e+00;nan;nan;nan;nan;nan;nan;nan;nan
2.985069731557338457e+00;-3.191917025279904863e+01;nan;nan;nan;nan;nan;nan;nan;nan
-1.216484251926911853e+01;-1.069599715075765189e+01;nan;nan;nan;nan;nan;nan;nan;nan
-1.600804488684914517e+01;8.249916251716946647e+01;nan;nan;nan;nan;nan;nan;nan;nan
-5.674261819181384681e+01;2.372283189963976042e+02;nan;nan;nan;nan;nan;nan;nan;nan
2.522630161376464564e+00;-1.292693451385553871e+01;nan;nan;nan;nan;nan;nan;nan;nan
-4.140150439450497544e+00;4.144478848371880630e+00;nan;nan;nan;nan;nan;nan;nan;nan
-5.291284844109411800e+00;5.360514640714687751e+00;nan;nan;nan;nan;nan;nan;nan;nan
2.842567945914424854e+00;3.953486320280437116e+00;nan;nan;nan;nan;nan;nan;nan;nan
-1.251350480377107743e+01;-2.623363680006412402e+00;nan;nan;nan;nan;nan;nan;nan;nan
5.744862452413646015e-01;2.055320038318700071e+01;nan;nan;nan;nan;nan;nan;nan;nan
-1.702531964504897388e+01;-1.106292245390424078e+01;nan;nan;nan;nan;nan;nan;nan;nan
-2.386104633736911040e+01;-1.037446587810239906e+00;nan;nan;nan;nan;nan;nan;nan;nan
2.925976608498246367e+00;2.359310270925969917e+02;nan;nan;nan;nan;nan;nan;nan;nan
6.513915284289238272e+00;-2.607235458303800435e+00;nan;nan;nan;nan;nan;nan;nan;nan
-5.929395402756511002e-01;3.000135758530279695e+00;nan;nan;nan;nan;nan;nan;nan;nan
-1.587410298024290789e+00;-5.511114392682017638e+00;nan;nan;nan;nan;nan;nan;nan;nan
3.670015399842617043e+00;5.059005646350644980e+00;nan;nan;nan;nan;nan;nan;nan;nan
-2.053036978269549806e+01;-5.810395665686752587e+00;nan;nan;nan;nan;nan;nan;nan;nan
-4.181995799388495527e+00;-2.274039216178808331e+00;nan;nan;nan;nan;nan;nan;nan;nan
1.630146975265146736e+01;-1.145291632481884037e+01;nan;nan;nan;nan;nan;nan;nan;nan
3.091210720134811396e+01;2.985069736454057931e+00;nan;nan;nan;nan;nan;nan;nan;nan
-4.124958122482419753e+01;1.690206236340676327e+01;nan;nan;nan;nan;nan;nan;nan;nan
-5.193983788695612702e+02;-3.016095630319393095e+00;nan;nan;nan;nan;nan;nan;nan;nan
5.595957120592816914e+00;-1.409651902183117578e+01;nan;nan;nan;nan;nan;nan;nan;nan
-7.617060733533919104e-01;-4.129379589306152454e+00;nan;nan;nan;nan;nan;nan;nan;nan
5.406599292352147756e+00;8.401269245607711156e+00;nan;nan;nan;nan;nan;nan;nan;nan
2.410310155752299899e+00;4.974949198813722440e+00;nan;nan;nan;nan;nan;nan;nan;nan
-8.247010155877165793e-01;1.567692580478835396e+02;nan;nan;nan;nan;nan;nan;nan;nan
3.877918687203322889e+00;-1.209287179529512102e+01;nan;nan;nan;nan;nan;nan;nan;nan
1.703590230254153237e+00;1.265055886772526037e+02;nan;nan;nan;nan;nan;nan;nan;nan
-1.011866940875096219e+02;-2.831541390827312821e+00;nan;nan;nan;nan;nan;nan;nan;nan
-5.341964169054476130e-01;5.315949796728153487e+00;nan;nan;nan;nan;nan;nan;nan;nan
1.286468138693290797e+01;-3.063412836699222375e+00;nan;nan;nan;nan;nan;nan;nan;nan
6.054970289740174039e+00;-6.520486280770984022e-01;nan;nan;nan;nan;nan;nan;nan;nan
2.645918292443838027e+00;3.534052853149545204e+00;nan;nan;nan;nan;nan;nan;nan;nan
2.008382642996151102e+00;-2.840190950387000424e+00;nan;nan;nan;nan;nan;nan;nan;nan
7.696449736179209467e+00;-3.771995861655815574e+00;nan;nan;nan;nan;nan;nan;nan;nan
-3.844732400043028964e+00;1.260627804724650636e+00;nan;nan;nan;nan;nan;nan;nan;nan
-1.727601914557923335e+00;5.850248738562714435e-01;nan;nan;nan;nan;nan;nan;nan;nan
2.175943172548826965e+00;-3.292331304401479031e+00;nan;nan;nan;nan;nan;nan;nan;nan
7.931279407706545825e+00;-6.264261925334394521e-01;nan;nan;nan;nan;nan;nan;nan;nan
-3.142582365085566654e+00;-3.171810234276298957e+01;nan;nan;nan;nan;nan;nan;nan;nan
-8.547547188134707596e+00;-1.564506768838410444e+01;nan;nan;nan;nan;nan;nan;nan;nan
-4.345494555502530609e+00;2.388940764806674721e+00;nan;nan;nan;nan;nan;nan;nan;nan
-9.704758174105703183e-01;5.976329176134427712e+00;nan;nan;nan;nan;nan;nan;nan;nan
-1.564506768884976573e+01;-5.465759997789230162e+00;nan;nan;nan;nan;nan;nan;nan;nan
2.132721145236349702e+00;-2.279746852471754792e+00;nan;nan;nan;nan;nan;nan;nan;nan
1.482843225775293305e+01;-9.284155561891035191e+00;nan;nan;nan;nan;nan;nan;nan;nan
-2.703985465127760168e+00;4.568305046878101017e+00;nan;nan;nan;nan;nan;nan;nan;nan
3.625711924202003900e+01;-6.636460775882062180e+00;nan;nan;nan;nan;nan;nan;nan;nan
-1.290010458533517035e+00;2.174829443530424200e+01;nan;nan;nan;nan;nan;nan;nan;nan
5.638341015739984918e-01;1.107260396487709997e+01;nan;nan;nan;nan;nan;nan;nan;nan
6.827562285989183977e+01;9.427585611128614929e+00;nan;nan;nan;nan;nan;nan;nan;nan
3.879240286569940466e+00;-1.540776732221498690e+00;nan;nan;nan;nan;nan;nan;nan;nan
8.654813674462553952e-02;-3.932509115262401433e-01;nan;nan;nan;nan;nan;nan;nan;nan
5.145284638986703740e+00;3.584306281167454866e+00;nan;nan;nan;nan;nan;nan;nan;nan
-4.202731117364635338e-01;-6.218619164155009926e+00;nan;nan;nan;nan;nan;nan;nan;nan
4.178175783471474780e+00;-2.496768182725493279e+00;nan;nan;nan;nan;nan;nan;nan;nan
-5.953947506738054507e+00;-6.396046525081869660e+00;nan;nan;nan;nan;nan;nan;nan;nan
-2.029335003094811540e+01;2.117351024061544518e+00;nan;nan;nan;nan;nan;nan;nan;nan
1.609975163978792922e+00;1.030802736433184563e+01;nan;nan;nan;nan;nan;nan;nan;nan
3.727160841691896098e-01;-4.315610097534836598e+00;nan;nan;nan;nan;nan;nan;nan;nan
-6.207000606693370282e-01;3.077926948204009960e+01;nan;nan;nan;nan;nan;nan;nan;nan
-1.292693451388464254e+01;-2.094774891474084910e+00;nan;nan;nan;nan;nan;nan;nan;nan
2.397108738473009026e+01;-1.273904947427192624e+01;nan;nan;nan;nan;nan;nan;nan;nan
-1.365360150740492173e+01;3.360752852028928039e+00;nan;nan;nan;nan;nan;nan;nan;nan
4.874753170424217075e+01;8.481942585837389803e-01;nan;nan;nan;nan;nan;nan;nan;nan
-3.214696963894740467e+00;-4.980828781643839243e+00;nan;nan;nan;nan;nan;nan;nan;nan
-4.088171076321854613e+00;-1.144724523210699552e+01;nan;nan;nan;nan;nan;nan;nan;nan
2.620609684905914705e+01;-8.960307493925973032e-01;nan;nan;nan;nan;nan;nan;nan;nan
4.018162378279888003e+01;7.696449736179209467e+00;nan;nan;nan;nan;nan;nan;nan;nan
3.648610109982047156e+00;2.257868341672120138e+01;nan;nan;nan;nan;nan;nan;nan;nan
3.531876716501418656e+01;-2.436945141299681483e-01;nan;nan;nan;nan;nan;nan;nan;nan
-8.160520250154050359e+00;1.303355808502153756e+01;nan;nan;nan;nan;nan;nan;nan;nan
1.034092351239165808e+01;2.352732538947723384e+01;nan;nan;nan;nan;nan;nan;nan;nan
1.946983499847052990e+00;8.366127527429741306e+00;nan;nan;nan;nan;nan;nan;nan;nan
-3.740387413939160410e+00;4.796485395711959088e-01;nan;nan;nan;nan;nan;nan;nan;nan
1.562868345822065574e+00;3.437908067772922571e+00;nan;nan;nan;nan;nan;nan;nan;nan
-1.398563695346350855e+01;-3.411507789386503120e+00;nan;nan;nan;nan;nan;nan;nan;nan
6.529841477257987137e+00;-2.101618740743765312e-01;nan;nan;nan;nan;nan;nan;nan;nan
2.388940764952193874e+00;1.009770204278243888e+01;nan;nan;nan;nan;nan;nan;nan;nan
-1.430389346076904999e+01;2.683691943183823270e+01;nan;nan;nan;nan;nan;nan;nan;nan
-6.057170315466327892e+00;-4.088215463427282259e+00;nan;nan;nan;nan;nan;nan;nan;nan
-3.834771533548237521e+00;5.763370295634939744e+00;nan;nan;nan;nan;nan;nan;nan;nan
-4.138177071506718985e-01;3.673249883066347921e-01;nan;nan;nan;nan;nan;nan;nan;nan
-5.648946933370067924e+00;-3.517949604622707227e+00;nan;nan;nan;nan;nan;nan;nan;nan
-3.691607687359816481e+00;8.989184596300376029e+00;nan;nan;nan;nan;nan;nan;nan;nan
8.158161687671381390e-01;-8.936723340653477399e-01;nan;nan;nan;nan;nan;nan;nan;nan
-1.004714311596398346e+01;-2.136785667621785123e+00;nan;nan;nan;nan;nan;nan;nan;nan
5.105382974235035398e+00;2.337865755754271291e+01;nan;nan;nan;nan;nan;nan;nan;nan
-7.827730528320695491e-01;-8.134592128783901810e-01;nan;nan;nan;nan;nan;nan;nan;nan
-1.502137811627610953e+00;-6.195371648553930299e+00;nan;nan;nan;nan;nan;nan;nan;nan
1.175166672192873518e+00;3.539137722314760204e+00;nan;nan;nan;nan;nan;nan;nan;nan
-9.253796177052095118e+00;-1.319898597648563765e+00;nan;nan;nan;nan;nan;nan;nan;nan
1.409978238437834541e+01;1.379627316578546470e+01;nan;nan;nan;nan;nan;nan;nan;nan
-1.321210961940459683e+01;3.549926888214094411e+00;nan;nan;nan;nan;nan;nan;nan;nan
7.455909892244654280e-01;8.641959432297285915e+00;nan;nan;nan;nan;nan;nan;nan;nan
4.521807558905951652e+01;9.302375522852736722e+00;nan;nan;nan;nan;nan;nan;nan;nan
-1.069599712048966822e+01;7.605390899175565877e-01;nan;nan;nan;nan;nan;nan;nan;nan
3.604237736535492065e+00;1.013457544951600298e+01;nan;nan;nan;nan;nan;nan;nan;nan
6.403409257719191316e+01;-1.298579539073226652e+00;nan;nan;nan;nan;nan;nan;nan;nan
3.814886019928471796e+02;-3.003208329533052723e+00;nan;nan;nan;nan;nan;nan;nan;nan
-2.592562304437127541e+00;1.544999887984699338e+00;nan;nan;nan;nan;nan;nan;nan;nan
2.085129549307517927e+00;2.540582699462577665e+01;nan;nan;nan;nan;nan;nan;nan;nan
2.731716026954329379e+01;2.506763556114897540e+00;nan;nan;nan;nan;nan;nan;nan;nan
2.062568835560217639e+00;6.827562286001007408e+01;nan;nan;nan;nan;nan;nan;nan;nan
1.184101285513731661e+01;-1.238930237609673846e+01;nan;nan;nan;nan;nan;nan;nan;nan
3.574845264309190362e+00;-1.463650507828968550e+00;nan;nan;nan;nan;nan;nan;nan;nan
-4.293726657630540444e+01;-2.946817441454804509e+00;nan;nan;nan;nan;nan;nan;nan;nan
-2.636758122109311042e+00;-2.820671918709042991e+00;nan;nan;nan;nan;nan;nan;nan;nan
1.443010103465699956e+01;1.143405987656242750e+01;nan;nan;nan;nan;nan;nan;nan;nan
-4.916551203954891425e-01;4.992391744684782751e+00;nan;nan;nan;nan;nan;nan;nan;nan
-1.052335836162810789e+00;2.475650754270132481e+00;nan;nan;nan;nan;nan;nan;nan;nan
-3.515932728729829648e+00;4.365413092114207583e-01;nan;nan;nan;nan;nan;nan;nan;nan
-9.112828075938008254e+00;2.703389260665994609e+00;nan;nan;nan;nan;nan;nan;nan;nan
2.933152799616760564e+00;-2.506121900316021822e+01;nan;nan;nan;nan;nan;nan;nan;nan
-1.705901093461716034e+00;1.200158866298910354e+01;nan;nan;nan;nan;nan;nan;nan;nan
1.287680617833728824e+01;-4.297850591546088950e+00;nan;nan;nan;nan;nan;nan;nan;nan
-3.662339462101347465e+01;-2.303839327581948027e+01;nan;nan;nan;nan;nan;nan;nan;nan
1.200161918056722854e+01;-7.727772626504398890e-01;nan;nan;nan;nan;nan;nan;nan;nan
-1.674389960745999772e+01;-1.845207650975001945e+00;nan;nan;nan;nan;nan;nan;nan;nan
8.074637526887121552e+00;-2.236115390623689336e+01;nan;nan;nan;nan;nan;nan;nan;nan
-6.631893092870384532e-01;3.286264557469041336e-01;nan;nan;nan;nan;nan;nan;nan;nan
4.700486391790128060e+00;3.291169406954638887e+00;nan;nan;nan;nan;nan;nan;nan;nan
-7.776326156704624903e-01;6.432444241990476819e+00;nan;nan;nan;nan;nan;nan;nan;nan
-9.194903129645501494e+00;-1.429758266132539291e+01;nan;nan;nan;nan;nan;nan;nan;nan
3.044700275655433330e+01;-1.214973408440583036e+01;nan;nan;nan;nan;nan;nan;nan;nan
2.400540751598950528e+00;8.063036148572156891e-01;nan;nan;nan;nan;nan;nan;nan;nan
-6.248380074775345960e+00;2.111834771851690817e+01;nan;nan;nan;nan;nan;nan;nan;nan
1.564276165076289971e+00;1.630146975097850870e+01;nan;nan;nan;nan;nan;nan;nan;nan
-6.461476178104676116e+00;-1.075217707303514558e+01;nan;nan;nan;nan;nan;nan;nan;nan
-1.591027122562282736e+00;-3.786700729293952961e+00;nan;nan;nan;nan;nan;nan;nan;nan
1.542070200484699338e+00;-1.130797677128048662e+01;nan;nan;nan;nan;nan;nan;nan;nan
1.804868027241990136e+00;-4.988445552764959601e+00;nan;nan;nan;nan;nan;nan;nan;nan
-1.417554089647454418e+01;4.101650007695573663e+01;nan;nan;nan;nan;nan;nan;nan;nan
-7.231147453914368306e+00;-2.263229288067166500e+00;nan;nan;nan;nan;nan;nan;nan;nan
-6.596268392067332620e-01;1.804868027242658046e+00;nan;nan;nan;nan;nan;nan;nan;nan
2.540197253374310571e-01;3.727160841673413105e-01;nan;nan;nan;nan;nan;nan;nan;nan
1.039107503019224765e+01;-2.082520530779808965e+01;nan;nan;nan;nan;nan;nan;nan;nan
1.229205599162654039e+00;-8.228876414655806215e+00;nan;nan;nan;nan;nan;nan;nan;nan
7.433305219958038279e+00;1.419338878979201413e+00;nan;nan;nan;nan;nan;nan;nan;nan
-2.169155907441488118e+00;8.268282611412230310e+00;nan;nan;nan;nan;nan;nan;nan;nan
-7.471555158037730848e+00;5.386888637853142647e+00;nan;nan;nan;nan;nan;nan;nan;nan
-4.144528707337459927e+00;1.048897722772828622e+01;nan;nan;nan;nan;nan;nan;nan;nan
-6.359605163036220432e+01;3.122762081151349989e+01;nan;nan;nan;nan;nan;nan;nan;nan
-2.274039216173926903e+00;-8.171061652509888917e-01;nan;nan;nan;nan;nan;nan;nan;nan
2.267055608734208860e+00;-1.169813088997761241e+01;nan;nan;nan;nan;nan;nan;nan;nan
9.229969884771747957e+00;1.843197328044185923e+01;nan;nan;nan;nan;nan;nan;nan;nan
-5.502100019188947755e+00;1.216980129586377579e+01;nan;nan;nan;nan;nan;nan;nan;nan
3.772973099459238089e+00;-1.687231253739424286e+00;nan;nan;nan;nan;nan;nan;nan;nan
5.077234017483637452e+00;-5.674242060822302847e+01;nan;nan;nan;nan;nan;nan;nan;nan
3.426060769144058771e+00;4.522105323325016570e+02;nan;nan;nan;nan;nan;nan;nan;nan
4.326765865337978312e+01;4.826155033201285249e+00;nan;nan;nan;nan;nan;nan;nan;nan
1.281819188760187300e+00;-6.884949045625345931e+00;nan;nan;nan;nan;nan;nan;nan;nan
-8.960307493925973032e-01;-5.466218547990881405e+01;nan;nan;nan;nan;nan;nan;nan;nan
5.806227336789301363e-01;-2.801020640897625569e+01;nan;nan;nan;nan;nan;nan;nan;nan
-3.342051946857737335e+02;1.056072956472561053e+01;nan;nan;nan;nan;nan;nan;nan;nan
-2.367057338474327253e+02;-4.493129201485154267e-01;nan;nan;nan;nan;nan;nan;nan;nan
-1.005326491783106874e-01;2.416169530752299899e+00;nan;nan;nan;nan;nan;nan;nan;nan
-2.041812175763903614e+00;2.444385187564141759e+01;nan;nan;nan;nan;nan;nan;nan;nan
-1.107552537434201234e+01;2.376020450431899356e+00;nan;nan;nan;nan;nan;nan;nan;nan
-2.463369461529875792e+00;6.728873413244565782e+00;nan;nan;nan;nan;nan;nan;nan;nan
2.380791105526918194e+00;-9.275322271063650426e-02;nan;nan;nan;nan;nan;nan;nan;nan
3.585228128038548401e-01;1.391543632689019283e+01;nan;nan;nan;nan;nan;nan;nan;nan
-1.687232200827737838e+00;-1.138359531545352965e+01;nan;nan;nan;nan;nan;nan;nan;nan
5.672977281326123666e+00;1.529279220623287694e+00;nan;nan;nan;nan;nan;nan;nan;nan
-2.955011509281639448e+01;-3.829909977742502747e+01;nan;nan;nan;nan;nan;nan;nan;nan
1.337685648220773871e+01;-5.121308500635161742e+00;nan;nan;nan;nan;nan;nan;nan;nan
3.154011786240539017e+00;1.338854886789554399e+01;nan;nan;nan;nan;nan;nan;nan;nan
-1.292374226490330180e+00;9.551712361618275082e+00;nan;nan;nan;nan;nan;nan;nan;nan
3.437908067376382881e+00;-2.775662166869149239e+00;nan;nan;nan;nan;nan;nan;nan;nan
2.587639137010536672e+01;-1.170842295436741232e+01;nan;nan;nan;nan;nan;nan;nan;nan
2.644122703834683730e+00;1.210533849742745360e+01;nan;nan;nan;nan;nan;nan;nan;nan
2.921981453769035397e+00;7.443886625127275281e+00;nan;nan;nan;nan;nan;nan;nan;nan
3.683286508929497494e+00;-4.744438277361665257e+01;nan;nan;nan;nan;nan;nan;nan;nan
1.843197328044185923e+01;1.960327946111795505e+00;nan;nan;nan;nan;nan;nan;nan;nan
1.379627311204895079e+01;-1.804898172104735465e+01;nan;nan;nan;nan;nan;nan;nan;nan
-4.153243705047934498e+00;-6.083051718333308600e+00;nan;nan;nan;nan;nan;nan;nan;nan
-7.084372406521703169e+01;9.740612968749755574e-01;nan;nan;nan;nan;nan;nan;nan;nan
-4.194497533622625340e+00;-7.617076501989260562e-01;nan;nan;nan;nan;nan;nan;nan;nan
-2.276017758884728792e+00;3.066185803469316240e-01;nan;nan;nan;nan;nan;nan;nan;nan
-5.080617247267564807e+00;-6.728650729998955526e+00;nan;nan;nan;nan;nan;nan;nan;nan
-6.747289930501322308e-01;2.795727832488233489e+01;nan;nan;nan;nan;nan;nan;nan;nan
2.533953930385749942e+01;-1.012616804216704691e-01;nan;nan;nan;nan;nan;nan;nan;nan
-7.389495800888957966e+00;-9.082262188872107345e+00;nan;nan;nan;nan;nan;nan;nan;nan
-1.952439549370613925e+00;-7.087770448236831555e+00;nan;nan;nan;nan;nan;nan;nan;nan
8.641959432129938889e+00;-1.822894013906678623e+01;nan;nan;nan;nan;nan;nan;nan;nan
-1.144931140897086408e+01;-1.823885959799676604e+00;nan;nan;nan;nan;nan;nan;nan;nan
-2.500758044484742815e+00;-1.193600115579352527e+00;nan;nan;nan;nan;nan;nan;nan;nan
8.063036148572161332e-01;1.974130785620235251e+00;nan;nan;nan;nan;nan;nan;nan;nan
5.648557499158944673e+00;-7.389495800859854135e+00;nan;nan;nan;nan;nan;nan;nan;nan
1.078716998442448727e+01;-5.519663148194582369e+00;nan;nan;nan;nan;nan;nan;nan;nan
-4.815572228130548638e+00;3.772974963052169617e+00;nan;nan;nan;nan;nan;nan;nan;nan
3.315113509851129692e+01;1.494819405255845979e+01;nan;nan;nan;nan;nan;nan;nan;nan
-1.037870567651519416e+00;-5.546657569679612765e-01;nan;nan;nan;nan;nan;nan;nan;nan
-1.145832419169414962e+01;1.643587466280416409e+00;nan;nan;nan;nan;nan;nan;nan;nan
-9.164496138062910191e+00;1.184977140005919161e+01;nan;nan;nan;nan;nan;nan;nan;nan
-9.967252478039932972e-01;-3.945872298240078635e+02;nan;nan;nan;nan;nan;nan;nan;nan
7.449336466463881479e+00;-5.073072396650622373e+00;nan;nan;nan;nan;nan;nan;nan;nan
-2.270885494014105177e+01;-6.699239778795573308e+00;nan;nan;nan;nan;nan;nan;nan;nan
-6.141330148976905434e+00;6.294309055261022579e+00;nan;nan;nan;nan;nan;nan;nan;nan
6.961590016829123151e+00;-3.342051946866773164e+02;nan;nan;nan;nan;nan;nan;nan;nan
8.065983433350305987e+00;-3.277181235985421104e+00;nan;nan;nan;nan;nan;nan;nan;nan
-6.880765246414075165e+00;9.229969884771762167e+00;nan;nan;nan;nan;nan;nan;nan;nan
-2.801020640897625569e+01;-3.633864522231420313e+00;nan;nan;nan;nan;nan;nan;nan;nan
2.627951776349324753e+00;-2.800963244275169739e+00;nan;nan;nan;nan;nan;nan;nan;nan
6.613492439189458061e+00;7.861092411798972890e+00;nan;nan;nan;nan;nan;nan;nan;nan
-3.171810172983852993e+01;-6.581756884503321414e-01;nan;nan;nan;nan;nan;nan;nan;nan
3.557483629554237248e-01;8.106714199956054472e+02;nan;nan;nan;nan;nan;nan;nan;nan
-1.046914832060066480e+01;nan;nan;nan;nan;nan;nan;nan;nan;nan
1.639601967816679995e+00;nan;nan;nan;nan;nan;nan;nan;nan;nan
-1.356075786778680126e+01;nan;nan;nan;nan;nan;nan;nan;nan;nan
-1.137883457326602965e+01;nan;nan;nan;nan;nan;nan;nan;nan;nan
6.404312554427211701e-01;nan;nan;nan;nan;nan;nan;nan;nan;nan
2.974860524699129627e+01;nan;nan;nan;nan;nan;nan;nan;nan;nan
-5.548820182416808677e+01;nan;nan;nan;nan;nan;nan;nan;nan;nan
-1.548762979647784732e+01;nan;nan;nan;nan;nan;nan;nan;nan;nan
-6.793568842147131193e+00;nan;nan;nan;nan;nan;nan;nan;nan;nan
7.595801197241889291e+00;nan;nan;nan;nan;nan;nan;nan;nan;nan
-5.314896610678698785e+00;nan;nan;nan;nan;nan;nan;nan;nan;nan
-4.351957960826716487e+00;nan;nan;nan;nan;nan;nan;nan;nan;nan
-1.128061356955699646e+00;nan;nan;nan;nan;nan;nan;nan;nan;nan
1.035469455958551777e+01;nan;nan;nan;nan;nan;nan;nan;nan;nan
-4.129275949547261959e+00;nan;nan;nan;nan;nan;nan;nan;nan;nan
-4.453901630898809416e-01;nan;nan;nan;nan;nan;nan;nan;nan;nan
-3.940585910247920154e-01;nan;nan;nan;nan;nan;nan;nan;nan;nan
-6.491610217411974797e-03;nan;nan;nan;nan;nan;nan;nan;nan;nan
-8.587758982133669727e-01;nan;nan;nan;nan;nan;nan;nan;nan;nan
7.118589847241771906e+00;nan;nan;nan;nan;nan;nan;nan;nan;nan
-6.886637976101168235e+00;nan;nan;nan;nan;nan;nan;nan;nan;nan
6.903574995959547989e-02;nan;nan;nan;nan;nan;nan;nan;nan;nan
-1.145291781197671455e+01;nan;nan;nan;nan;nan;nan;nan;nan;nan
1.168928230740005070e+01;nan;nan;nan;nan;nan;nan;nan;nan;nan
-1.201077975843455548e+00;nan;nan;nan;nan;nan;nan;nan;nan;nan
8.106714200552100920e+02;nan;nan;nan;nan;nan;nan;nan;nan;nan
2.816249225505575993e+00;nan;nan;nan;nan;nan;nan;nan;nan;nan
-6.699751039325453128e+00;nan;nan;nan;nan;nan;nan;nan;nan;nan
2.078135456749843257e+01;nan;nan;nan;nan;nan;nan;nan;nan;nan
-3.788727101541465192e+00;nan;nan;nan;nan;nan;nan;nan;nan;nan
2.322203710240058783e+00;nan;nan;nan;nan;nan;nan;nan;nan;nan
5.501488391220257235e+00;nan;nan;nan;nan;nan;nan;nan;nan;nan
-1.486332680194574252e+01;nan;nan;nan;nan;nan;nan;nan;nan;nan
-7.657369362317334449e+00;nan;nan;nan;nan;nan;nan;nan;nan;nan
-1.172540736116637783e+00;nan;nan;nan;nan;nan;nan;nan;nan;nan
-2.380242852513025920e+00;nan;nan;nan;nan;nan;nan;nan;nan;nan
-3.264548344600163965e+00;nan;nan;nan;nan;nan;nan;nan;nan;nan
-4.402378802720870787e+00;nan;nan;nan;nan;nan;nan;nan;nan;nan
-2.342008061847328015e+00;nan;nan;nan;nan;nan;nan;nan;nan;nan
8.628568609772061393e+01;nan;nan;nan;nan;nan;nan;nan;nan;nan
-6.563662925225334233e-01;nan;nan;nan;nan;nan;nan;nan;nan;nan
-6.655915739924065377e-01;nan;nan;nan;nan;nan;nan;nan;nan;nan
-4.984131283526166634e+00;nan;nan;nan;nan;nan;nan;nan;nan;nan
-7.373252891736752801e+00;nan;nan;nan;nan;nan;nan;nan;nan;nan
-4.771692068414359333e+00;nan;nan;nan;nan;nan;nan;nan;nan;nan
1.331404767642867348e+01;nan;nan;nan;nan;nan;nan;nan;nan;nan
1.338981406317050649e+01;nan;nan;nan;nan;nan;nan;nan;nan;nan
-8.409358484284076951e+00;nan;nan;nan;nan;nan;nan;nan;nan;nan
-1.683499998421678079e+00;nan;nan;nan;nan;nan;nan;nan;nan;nan
1.291078668417114939e+00;nan;nan;nan;nan;nan;nan;nan;nan;nan
8.481942585837389803e-01;nan;nan;nan;nan;nan;nan;nan;nan;nan
-6.817997242385553491e+00;nan;nan;nan;nan;nan;nan;nan;nan;nan
-2.545874841238046216e+01;nan;nan;nan;nan;nan;nan;nan;nan;nan
6.731021981874784288e+00;nan;nan;nan;nan;nan;nan;nan;nan;nan
-1.157101851936817383e+01;nan;nan;nan;nan;nan;nan;nan;nan;nan
-1.668021733201142665e+00;nan;nan;nan;nan;nan;nan;nan;nan;nan
5.401764919267226794e+00;nan;nan;nan;nan;nan;nan;nan;nan;nan
3.291169406955093635e+00;nan;nan;nan;nan;nan;nan;nan;nan;nan
-1.480810621842125308e+00;nan;nan;nan;nan;nan;nan;nan;nan;nan
6.850408106460717406e+00;nan;nan;nan;nan;nan;nan;nan;nan;nan
2.359310270926042676e+02;nan;nan;nan;nan;nan;nan;nan;nan;nan
-3.152982528670140727e-01;nan;nan;nan;nan;nan;nan;nan;nan;nan
1.322795554891154168e+01;nan;nan;nan;nan;nan;nan;nan;nan;nan
3.286264561616337176e-01;nan;nan;nan;nan;nan;nan;nan;nan;nan
-1.830850364713310086e+00;nan;nan;nan;nan;nan;nan;nan;nan;nan
1.518946672427472606e+02;nan;nan;nan;nan;nan;nan;nan;nan;nan
5.743495472058648410e+00;nan;nan;nan;nan;nan;nan;nan;nan;nan
-1.103254202775339543e+01;nan;nan;nan;nan;nan;nan;nan;nan;nan
6.492375538326479179e-01;nan;nan;nan;nan;nan;nan;nan;nan;nan
-1.994097535461992532e+00;nan;nan;nan;nan;nan;nan;nan;nan;nan
-7.058959847548190725e-02;nan;nan;nan;nan;nan;nan;nan;nan;nan
5.181854327913115732e+00;nan;nan;nan;nan;nan;nan;nan;nan;nan
-2.800963244276761355e+00;nan;nan;nan;nan;nan;nan;nan;nan;nan
1.643587466274959441e+00;nan;nan;nan;nan;nan;nan;nan;nan;nan
-5.384072399433454059e+00;nan;nan;nan;nan;nan;nan;nan;nan;nan
-9.023180214441093305e-01;nan;nan;nan;nan;nan;nan;nan;nan;nan
1.377997015449274798e+01;nan;nan;nan;nan;nan;nan;nan;nan;nan
4.604300100046350153e+00;nan;nan;nan;nan;nan;nan;nan;nan;nan
-2.297461812347478816e+00;nan;nan;nan;nan;nan;nan;nan;nan;nan
-4.183517123076377686e+00;nan;nan;nan;nan;nan;nan;nan;nan;nan
1.676741518838054557e+00;nan;nan;nan;nan;nan;nan;nan;nan;nan
-3.932509115271496380e-01;nan;nan;nan;nan;nan;nan;nan;nan;nan
1.277249865983677637e+02;nan;nan;nan;nan;nan;nan;nan;nan;nan
-3.727624976716727545e+00;nan;nan;nan;nan;nan;nan;nan;nan;nan
1.968053893491290651e+01;nan;nan;nan;nan;nan;nan;nan;nan;nan
-5.511115391059817625e+00;nan;nan;nan;nan;nan;nan;nan;nan;nan
6.944021859067265545e+00;nan;nan;nan;nan;nan;nan;nan;nan;nan
1.110949872304391306e+01;nan;nan;nan;nan;nan;nan;nan;nan;nan
-7.411644627359025961e+00;nan;nan;nan;nan;nan;nan;nan;nan;nan
-8.915004585697882122e-01;nan;nan;nan;nan;nan;nan;nan;nan;nan
3.903558258824613603e+00;nan;nan;nan;nan;nan;nan;nan;nan;nan
-1.418423486327628602e+00;nan;nan;nan;nan;nan;nan;nan;nan;nan
-1.424675931825610853e+01;nan;nan;nan;nan;nan;nan;nan;nan;nan
5.584198918510724141e+00;nan;nan;nan;nan;nan;nan;nan;nan;nan
-2.101618740743509961e-01;nan;nan;nan;nan;nan;nan;nan;nan;nan
-7.638098530346218773e+00;nan;nan;nan;nan;nan;nan;nan;nan;nan
-3.075115191173459550e+01;nan;nan;nan;nan;nan;nan;nan;nan;nan
3.253123371137341957e-01;nan;nan;nan;nan;nan;nan;nan;nan;nan
-3.820671918691044944e+00;nan;nan;nan;nan;nan;nan;nan;nan;nan
7.523583556540116568e+00;nan;nan;nan;nan;nan;nan;nan;nan;nan
-9.263570119185475349e+00;nan;nan;nan;nan;nan;nan;nan;nan;nan
-9.702158155581776100e+01;nan;nan;nan;nan;nan;nan;nan;nan;nan
1.675209544767305303e+01;nan;nan;nan;nan;nan;nan;nan;nan;nan
-1.321943363010938066e+00;nan;nan;nan;nan;nan;nan;nan;nan;nan
1.009843827982877862e+01;nan;nan;nan;nan;nan;nan;nan;nan;nan
1.122493828938757821e+00;nan;nan;nan;nan;nan;nan;nan;nan;nan
1.273242104992693591e+01;nan;nan;nan;nan;nan;nan;nan;nan;nan
2.548912965837278222e+01;nan;nan;nan;nan;nan;nan;nan;nan;nan
-1.842697709286589713e+01;nan;nan;nan;nan;nan;nan;nan;nan;nan
-4.161707099833798829e+00;nan;nan;nan;nan;nan;nan;nan;nan;nan
-7.708839492915510405e+00;nan;nan;nan;nan;nan;nan;nan;nan;nan
3.646163921319706702e+01;nan;nan;nan;nan;nan;nan;nan;nan;nan
3.507750565938838161e+00;nan;nan;nan;nan;nan;nan;nan;nan;nan
2.102281296551066347e+01;nan;nan;nan;nan;nan;nan;nan;nan;nan
1.078849129499995598e+02;nan;nan;nan;nan;nan;nan;nan;nan;nan
6.521046525081829692e+00;nan;nan;nan;nan;nan;nan;nan;nan;nan
1.198151022225522944e+01;nan;nan;nan;nan;nan;nan;nan;nan;nan
2.657293287246545432e+01;nan;nan;nan;nan;nan;nan;nan;nan;nan
1.788762600029079941e+00;nan;nan;nan;nan;nan;nan;nan;nan;nan
7.861092412668449825e+00;nan;nan;nan;nan;nan;nan;nan;nan;nan
6.226665428386792200e+01;nan;nan;nan;nan;nan;nan;nan;nan;nan
-4.493128535589513417e-01;nan;nan;nan;nan;nan;nan;nan;nan;nan
-6.172160939909293376e+00;nan;nan;nan;nan;nan;nan;nan;nan;nan
2.860230123081444198e+00;nan;nan;nan;nan;nan;nan;nan;nan;nan
-2.842598529024536447e+01;nan;nan;nan;nan;nan;nan;nan;nan;nan
-3.411507789386474698e+00;nan;nan;nan;nan;nan;nan;nan;nan;nan
-2.038908037416609531e+00;nan;nan;nan;nan;nan;nan;nan;nan;nan
7.109702048123089035e+00;nan;nan;nan;nan;nan;nan;nan;nan;nan
-6.629851906988547228e+01;nan;nan;nan;nan;nan;nan;nan;nan;nan
-3.135093408777045454e+00;nan;nan;nan;nan;nan;nan;nan;nan;nan
-3.475200963135351984e+00;nan;nan;nan;nan;nan;nan;nan;nan;nan
2.801161002144150647e+00;nan;nan;nan;nan;nan;nan;nan;nan;nan
1.210533849742600410e+01;nan;nan;nan;nan;nan;nan;nan;nan;nan
-3.070945653434409839e-01;nan;nan;nan;nan;nan;nan;nan;nan;nan
9.369416229761824866e+00;nan;nan;nan;nan;nan;nan;nan;nan;nan
-1.247619132406321052e+00;nan;nan;nan;nan;nan;nan;nan;nan;nan
3.767181730822390107e-02;nan;nan;nan;nan;nan;nan;nan;nan;nan
-3.148966041339749999e+00;nan;nan;nan;nan;nan;nan;nan;nan;nan
-7.061130357222781484e+00;nan;nan;nan;nan;nan;nan;nan;nan;nan
1.395730691790528866e+01;nan;nan;nan;nan;nan;nan;nan;nan;nan
1.665642481810054365e+00;nan;nan;nan;nan;nan;nan;nan;nan;nan
-4.457989281726632669e+00;nan;nan;nan;nan;nan;nan;nan;nan;nan
6.113725437308837884e-01;nan;nan;nan;nan;nan;nan;nan;nan;nan
-1.540776733152821265e+00;nan;nan;nan;nan;nan;nan;nan;nan;nan
-4.300347647710384535e+01;nan;nan;nan;nan;nan;nan;nan;nan;nan
3.555455968069910710e+00;nan;nan;nan;nan;nan;nan;nan;nan;nan
1.134986266948784284e+01;nan;nan;nan;nan;nan;nan;nan;nan;nan
1.777689877728898749e+00;nan;nan;nan;nan;nan;nan;nan;nan;nan
-9.990840114154011076e+00;nan;nan;nan;nan;nan;nan;nan;nan;nan
-1.292303025508620085e+00;nan;nan;nan;nan;nan;nan;nan;nan;nan
-6.720333958027627119e+00;nan;nan;nan;nan;nan;nan;nan;nan;nan
-8.434699452556676746e+00;nan;nan;nan;nan;nan;nan;nan;nan;nan
-3.771995861652348125e+00;nan;nan;nan;nan;nan;nan;nan;nan;nan
1.474903807327832084e+01;nan;nan;nan;nan;nan;nan;nan;nan;nan
9.302375761271315824e+00;nan;nan;nan;nan;nan;nan;nan;nan;nan
6.600184468557345419e+00;nan;nan;nan;nan;nan;nan;nan;nan;nan
2.174829109744413458e+01;nan;nan;nan;nan;nan;nan;nan;nan;nan
-1.418689762566549284e+01;nan;nan;nan;nan;nan;nan;nan;nan;nan
-6.083251036265437506e+00;nan;nan;nan;nan;nan;nan;nan;nan;nan
-3.645574502607644973e+01;nan;nan;nan;nan;nan;nan;nan;nan;nan
-3.835025433655945335e+02;nan;nan;nan;nan;nan;nan;nan;nan;nan
2.376020510036544131e+00;nan;nan;nan;nan;nan;nan;nan;nan;nan
-1.477825867758298717e+00;nan;nan;nan;nan;nan;nan;nan;nan;nan
1.044345444035574610e+00;nan;nan;nan;nan;nan;nan;nan;nan;nan
1.143405987656229961e+01;nan;nan;nan;nan;nan;nan;nan;nan;nan
-3.964177984664632781e+00;nan;nan;nan;nan;nan;nan;nan;nan;nan
-5.172520382307207676e+00;nan;nan;nan;nan;nan;nan;nan;nan;nan
7.950839821272306374e+00;nan;nan;nan;nan;nan;nan;nan;nan;nan
-6.396874868020144334e+01;nan;nan;nan;nan;nan;nan;nan;nan;nan
2.111231173303358588e+01;nan;nan;nan;nan;nan;nan;nan;nan;nan
-2.607235451077888122e+00;nan;nan;nan;nan;nan;nan;nan;nan;nan
-4.744438277361659573e+01;nan;nan;nan;nan;nan;nan;nan;nan;nan
-6.166462794192593577e+00;nan;nan;nan;nan;nan;nan;nan;nan;nan
-1.925155604441321699e+01;nan;nan;nan;nan;nan;nan;nan;nan;nan
9.427585611157718759e+00;nan;nan;nan;nan;nan;nan;nan;nan;nan
-2.836555609847233939e+01;nan;nan;nan;nan;nan;nan;nan;nan;nan
-2.950712072560073196e+01;nan;nan;nan;nan;nan;nan;nan;nan;nan
1.888846465787863416e+00;nan;nan;nan;nan;nan;nan;nan;nan;nan
-6.447115608897645345e+00;nan;nan;nan;nan;nan;nan;nan;nan;nan
-2.861045124847653831e+00;nan;nan;nan;nan;nan;nan;nan;nan;nan
6.294308918822265397e+00;nan;nan;nan;nan;nan;nan;nan;nan;nan
-1.193600115580613741e+00;nan;nan;nan;nan;nan;nan;nan;nan;nan
4.390829244684782751e+00;nan;nan;nan;nan;nan;nan;nan;nan;nan
-4.088215463427317786e+00;nan;nan;nan;nan;nan;nan;nan;nan;nan
-1.144724523210634182e+01;nan;nan;nan;nan;nan;nan;nan;nan;nan
-2.303839327607635568e+01;nan;nan;nan;nan;nan;nan;nan;nan;nan
8.989184596300376029e+00;nan;nan;nan;nan;nan;nan;nan;nan;nan
-1.238930237929815981e+01;nan;nan;nan;nan;nan;nan;nan;nan;nan
-1.985185861255738615e+01;nan;nan;nan;nan;nan;nan;nan;nan;nan
-9.297566848125409678e+00;nan;nan;nan;nan;nan;nan;nan;nan;nan
3.386349404094461946e-01;nan;nan;nan;nan;nan;nan;nan;nan;nan
3.360729756748601194e+00;nan;nan;nan;nan;nan;nan;nan;nan;nan
-9.275323947444284733e-02;nan;nan;nan;nan;nan;nan;nan;nan;nan
1.994638960075588496e+00;nan;nan;nan;nan;nan;nan;nan;nan;nan
-4.399588115584725234e-02;nan;nan;nan;nan;nan;nan;nan;nan;nan
4.826155040651865846e+00;nan;nan;nan;nan;nan;nan;nan;nan;nan
1.686212823242668968e+00;nan;nan;nan;nan;nan;nan;nan;nan;nan
-8.106427396686925135e+00;nan;nan;nan;nan;nan;nan;nan;nan;nan
-2.831541390869718011e+00;nan;nan;nan;nan;nan;nan;nan;nan;nan
2.372283189963955010e+02;nan;nan;nan;nan;nan;nan;nan;nan;nan
-8.134582430378747286e-01;nan;nan;nan;nan;nan;nan;nan;nan;nan
3.117663479774929858e+00;nan;nan;nan;nan;nan;nan;nan;nan;nan
-8.309104216561756573e+00;nan;nan;nan;nan;nan;nan;nan;nan;nan
3.081656943054419173e+00;nan;nan;nan;nan;nan;nan;nan;nan;nan
3.584884363705140853e+00;nan;nan;nan;nan;nan;nan;nan;nan;nan
-9.082262188878942766e+00;nan;nan;nan;nan;nan;nan;nan;nan;nan
2.683691946164055508e+01;nan;nan;nan;nan;nan;nan;nan;nan;nan
-1.724137720922164885e+00;nan;nan;nan;nan;nan;nan;nan;nan;nan
-2.624645945758235399e+00;nan;nan;nan;nan;nan;nan;nan;nan;nan
3.127786461626490322e+00;nan;nan;nan;nan;nan;nan;nan;nan;nan
1.953014331954306471e+01;nan;nan;nan;nan;nan;nan;nan;nan;nan
8.976604759543674206e+00;nan;nan;nan;nan;nan;nan;nan;nan;nan
9.870370014905931466e-01;nan;nan;nan;nan;nan;nan;nan;nan;nan
-2.900521508206544752e+01;nan;nan;nan;nan;nan;nan;nan;nan;nan
-2.221300145148081273e-01;nan;nan;nan;nan;nan;nan;nan;nan;nan
1.993667506861274585e+00;nan;nan;nan;nan;nan;nan;nan;nan;nan
8.870341686787240221e+00;nan;nan;nan;nan;nan;nan;nan;nan;nan
-6.784331135344809027e+00;nan;nan;nan;nan;nan;nan;nan;nan;nan
-5.406840910257715294e-01;nan;nan;nan;nan;nan;nan;nan;nan;nan
2.374521301209494339e+00;nan;nan;nan;nan;nan;nan;nan;nan;nan
3.356987931657691604e+00;nan;nan;nan;nan;nan;nan;nan;nan;nan
-3.409485140340973430e+01;nan;nan;nan;nan;nan;nan;nan;nan;nan
1.216990190850415665e+01;nan;nan;nan;nan;nan;nan;nan;nan;nan
-1.340410220908398387e+01;nan;nan;nan;nan;nan;nan;nan;nan;nan
1.013457544952327893e+01;nan;nan;nan;nan;nan;nan;nan;nan;nan
1.095960888084571927e+01;nan;nan;nan;nan;nan;nan;nan;nan;nan
1.847184883051145254e+00;nan;nan;nan;nan;nan;nan;nan;nan;nan
6.485735670646968209e-01;nan;nan;nan;nan;nan;nan;nan;nan;nan
-2.555393439613728557e+00;nan;nan;nan;nan;nan;nan;nan;nan;nan
-1.823885954211741156e+00;nan;nan;nan;nan;nan;nan;nan;nan;nan
1.987848041435216828e+01;nan;nan;nan;nan;nan;nan;nan;nan;nan
2.703587624923807109e+00;nan;nan;nan;nan;nan;nan;nan;nan;nan
-5.546657569887366579e-01;nan;nan;nan;nan;nan;nan;nan;nan;nan
-2.377144755433445056e+00;nan;nan;nan;nan;nan;nan;nan;nan;nan
3.265577471083325918e+02;nan;nan;nan;nan;nan;nan;nan;nan;nan
2.444481722664743373e+01;nan;nan;nan;nan;nan;nan;nan;nan;nan
2.055320764005250211e+01;nan;nan;nan;nan;nan;nan;nan;nan;nan
2.101599043287816571e+01;nan;nan;nan;nan;nan;nan;nan;nan;nan
-2.415448213617086726e+00;nan;nan;nan;nan;nan;nan;nan;nan;nan
8.695484266008158158e+00;nan;nan;nan;nan;nan;nan;nan;nan;nan
3.360752270209448334e+00;nan;nan;nan;nan;nan;nan;nan;nan;nan
1.782159607661785117e+01;nan;nan;nan;nan;nan;nan;nan;nan;nan
4.565923858499206567e+00;nan;nan;nan;nan;nan;nan;nan;nan;nan
8.643004372273326297e+00;nan;nan;nan;nan;nan;nan;nan;nan;nan
6.891764640715037693e+00;nan;nan;nan;nan;nan;nan;nan;nan;nan
1.260529337851481690e+00;nan;nan;nan;nan;nan;nan;nan;nan;nan
3.550492192201779140e+00;nan;nan;nan;nan;nan;nan;nan;nan;nan
-2.065139383173845289e+01;nan;nan;nan;nan;nan;nan;nan;nan;nan
-1.895809976125669483e+00;nan;nan;nan;nan;nan;nan;nan;nan;nan
7.100257657538902478e+00;nan;nan;nan;nan;nan;nan;nan;nan;nan
-1.663542934980491239e+01;nan;nan;nan;nan;nan;nan;nan;nan;nan
-2.955096097986819714e+00;nan;nan;nan;nan;nan;nan;nan;nan;nan
2.094881856899087236e+00;nan;nan;nan;nan;nan;nan;nan;nan;nan
-7.896311521170986669e-01;nan;nan;nan;nan;nan;nan;nan;nan;nan
-2.162051847672170979e+01;nan;nan;nan;nan;nan;nan;nan;nan;nan
-8.390962060832205083e+00;nan;nan;nan;nan;nan;nan;nan;nan;nan
2.873914202993752109e+00;nan;nan;nan;nan;nan;nan;nan;nan;nan
7.605371825689237752e-01;nan;nan;nan;nan;nan;nan;nan;nan;nan
1.426867528926482720e+00;nan;nan;nan;nan;nan;nan;nan;nan;nan
1.658568181478756998e+01;nan;nan;nan;nan;nan;nan;nan;nan;nan
2.337865755754265606e+01;nan;nan;nan;nan;nan;nan;nan;nan;nan
-3.779895915469197565e+00;nan;nan;nan;nan;nan;nan;nan;nan;nan
1.322441670810852088e+01;nan;nan;nan;nan;nan;nan;nan;nan;nan
3.673249963683958286e-01;nan;nan;nan;nan;nan;nan;nan;nan;nan
2.409140846258393864e+00;nan;nan;nan;nan;nan;nan;nan;nan;nan
-1.521310993826966929e+01;nan;nan;nan;nan;nan;nan;nan;nan;nan
-1.598234427938898472e+00;nan;nan;nan;nan;nan;nan;nan;nan;nan
3.077926948204009960e+01;nan;nan;nan;nan;nan;nan;nan;nan;nan
2.586379873752882474e+01;nan;nan;nan;nan;nan;nan;nan;nan;nan
-1.362866990205900963e+00;nan;nan;nan;nan;nan;nan;nan;nan;nan
-5.121308851743772372e+00;nan;nan;nan;nan;nan;nan;nan;nan;nan
3.952024448895024733e+01;nan;nan;nan;nan;nan;nan;nan;nan;nan
2.406639804941678243e-02;nan;nan;nan;nan;nan;nan;nan;nan;nan
3.011825290100970420e+01;nan;nan;nan;nan;nan;nan;nan;nan;nan
-4.493977490836938671e+01;nan;nan;nan;nan;nan;nan;nan;nan;nan
1.524091137498519766e+00;nan;nan;nan;nan;nan;nan;nan;nan;nan
-4.086249302352639390e+00;nan;nan;nan;nan;nan;nan;nan;nan;nan
-4.068473588858902303e+02;nan;nan;nan;nan;nan;nan;nan;nan;nan
-1.831133278802459796e-01;nan;nan;nan;nan;nan;nan;nan;nan;nan
3.050364431991399528e+01;nan;nan;nan;nan;nan;nan;nan;nan;nan
-6.520569163327837314e-01;nan;nan;nan;nan;nan;nan;nan;nan;nan
-6.299958183758689323e+00;nan;nan;nan;nan;nan;nan;nan;nan;nan
3.609849546536424647e+00;nan;nan;nan;nan;nan;nan;nan;nan;nan
1.214935069019009362e+01;nan;nan;nan;nan;nan;nan;nan;nan;nan
5.315921774079816586e+00;nan;nan;nan;nan;nan;nan;nan;nan;nan
-4.995566668885137673e+00;nan;nan;nan;nan;nan;nan;nan;nan;nan
5.976329394311491683e+00;nan;nan;nan;nan;nan;nan;nan;nan;nan
5.956096323345608567e+00;nan;nan;nan;nan;nan;nan;nan;nan;nan
-6.264261925334252412e-01;nan;nan;nan;nan;nan;nan;nan;nan;nan
5.157383359267675438e+00;nan;nan;nan;nan;nan;nan;nan;nan;nan
-4.333288032112926658e+01;nan;nan;nan;nan;nan;nan;nan;nan;nan
-6.636461205147361042e+00;nan;nan;nan;nan;nan;nan;nan;nan;nan
-1.845207650790374521e+00;nan;nan;nan;nan;nan;nan;nan;nan;nan
2.145388468296765083e+01;nan;nan;nan;nan;nan;nan;nan;nan;nan
3.533781085927726995e+00;nan;nan;nan;nan;nan;nan;nan;nan;nan
2.927229891135354034e+00;nan;nan;nan;nan;nan;nan;nan;nan;nan
8.054746085249576026e+00;nan;nan;nan;nan;nan;nan;nan;nan;nan
4.197055780884905829e+00;nan;nan;nan;nan;nan;nan;nan;nan;nan
-2.506121900316024664e+01;nan;nan;nan;nan;nan;nan;nan;nan;nan
1.419418514611239424e+01;nan;nan;nan;nan;nan;nan;nan;nan;nan
5.406733384976175394e+00;nan;nan;nan;nan;nan;nan;nan;nan;nan
-6.218619164185932746e+00;nan;nan;nan;nan;nan;nan;nan;nan;nan
1.534851953389835044e+00;nan;nan;nan;nan;nan;nan;nan;nan;nan
-7.617276460108932667e-01;nan;nan;nan;nan;nan;nan;nan;nan;nan
-5.466219248345457515e+01;nan;nan;nan;nan;nan;nan;nan;nan;nan
6.979352350350199075e+00;nan;nan;nan;nan;nan;nan;nan;nan;nan
-2.663744317442092058e+00;nan;nan;nan;nan;nan;nan;nan;nan;nan
2.118767322741411885e+00;nan;nan;nan;nan;nan;nan;nan;nan;nan
7.916681391051011651e+00;nan;nan;nan;nan;nan;nan;nan;nan;nan
2.257868463855821162e+01;nan;nan;nan;nan;nan;nan;nan;nan;nan
4.180791770502773619e-01;nan;nan;nan;nan;nan;nan;nan;nan;nan
-8.171061969159564287e-01;nan;nan;nan;nan;nan;nan;nan;nan;nan
-1.632168091287210245e+02;nan;nan;nan;nan;nan;nan;nan;nan;nan
-1.348147700063856647e+01;nan;nan;nan;nan;nan;nan;nan;nan;nan
4.304827628117361193e+00;nan;nan;nan;nan;nan;nan;nan;nan;nan
-7.717959728552274079e+00;nan;nan;nan;nan;nan;nan;nan;nan;nan
4.263768077116144584e-01;nan;nan;nan;nan;nan;nan;nan;nan;nan
-8.681063299249885290e+00;nan;nan;nan;nan;nan;nan;nan;nan;nan
6.598328969963707991e+00;nan;nan;nan;nan;nan;nan;nan;nan;nan
-6.434082266329462563e+00;nan;nan;nan;nan;nan;nan;nan;nan;nan
5.699163173303495533e+00;nan;nan;nan;nan;nan;nan;nan;nan;nan
-8.801244519330632121e-01;nan;nan;nan;nan;nan;nan;nan;nan;nan
4.974949198813750861e+00;nan;nan;nan;nan;nan;nan;nan;nan;nan
-2.371226683799079638e+00;nan;nan;nan;nan;nan;nan;nan;nan;nan
4.522833522565384357e+01;nan;nan;nan;nan;nan;nan;nan;nan;nan
4.223986182585583865e-02;nan;nan;nan;nan;nan;nan;nan;nan;nan
-1.518460656820851629e+00;nan;nan;nan;nan;nan;nan;nan;nan;nan
-1.370214112999516232e+00;nan;nan;nan;nan;nan;nan;nan;nan;nan
-3.532618500227788338e+00;nan;nan;nan;nan;nan;nan;nan;nan;nan
3.000135758772752403e+00;nan;nan;nan;nan;nan;nan;nan;nan;nan
-8.228876414655806215e+00;nan;nan;nan;nan;nan;nan;nan;nan;nan
-9.509085377938840011e+00;nan;nan;nan;nan;nan;nan;nan;nan;nan
4.365246930946202752e+01;nan;nan;nan;nan;nan;nan;nan;nan;nan
-6.450438124997356582e+00;nan;nan;nan;nan;nan;nan;nan;nan;nan
7.383623007198123034e+00;nan;nan;nan;nan;nan;nan;nan;nan;nan
-1.874505342031678623e+01;nan;nan;nan;nan;nan;nan;nan;nan;nan
1.529280811787906424e+00;nan;nan;nan;nan;nan;nan;nan;nan;nan
-1.453299843756976983e+01;nan;nan;nan;nan;nan;nan;nan;nan;nan
-2.344064784897450515e+00;nan;nan;nan;nan;nan;nan;nan;nan;nan
-2.865504710596003868e+00;nan;nan;nan;nan;nan;nan;nan;nan;nan
1.852280577472060985e+00;nan;nan;nan;nan;nan;nan;nan;nan;nan
-3.945872298240055898e+02;nan;nan;nan;nan;nan;nan;nan;nan;nan
-4.220619635695887162e+00;nan;nan;nan;nan;nan;nan;nan;nan;nan
5.371419794112886059e+00;nan;nan;nan;nan;nan;nan;nan;nan;nan
5.285895941575416757e+00;nan;nan;nan;nan;nan;nan;nan;nan;nan
6.432530854989916058e+00;nan;nan;nan;nan;nan;nan;nan;nan;nan
1.231443260375438165e+00;nan;nan;nan;nan;nan;nan;nan;nan;nan
5.135470492172581558e+00;nan;nan;nan;nan;nan;nan;nan;nan;nan
-1.038570373782835121e+00;nan;nan;nan;nan;nan;nan;nan;nan;nan
-3.277181235985424657e+00;nan;nan;nan;nan;nan;nan;nan;nan;nan
7.443886625210948793e+00;nan;nan;nan;nan;nan;nan;nan;nan;nan
-1.677874346816276008e+00;nan;nan;nan;nan;nan;nan;nan;nan;nan
-1.130789179284493429e+01;nan;nan;nan;nan;nan;nan;nan;nan;nan
3.530418668604142596e+01;nan;nan;nan;nan;nan;nan;nan;nan;nan
-1.169813088597583572e+01;nan;nan;nan;nan;nan;nan;nan;nan;nan
5.559744732796842115e+00;nan;nan;nan;nan;nan;nan;nan;nan;nan
-6.498326970039816963e+00;nan;nan;nan;nan;nan;nan;nan;nan;nan
1.048897706538711994e+01;nan;nan;nan;nan;nan;nan;nan;nan;nan
2.055180350223988039e+00;nan;nan;nan;nan;nan;nan;nan;nan;nan
2.806063034635727504e+01;nan;nan;nan;nan;nan;nan;nan;nan;nan
1.685464952911779335e+00;nan;nan;nan;nan;nan;nan;nan;nan;nan
9.242484507444764574e+00;nan;nan;nan;nan;nan;nan;nan;nan;nan
-6.604226100038045055e-02;nan;nan;nan;nan;nan;nan;nan;nan;nan
1.391543632689016441e+01;nan;nan;nan;nan;nan;nan;nan;nan;nan
-1.472881821806123703e+00;nan;nan;nan;nan;nan;nan;nan;nan;nan
2.183333913419851413e+01;nan;nan;nan;nan;nan;nan;nan;nan;nan
2.475650754270160903e+00;nan;nan;nan;nan;nan;nan;nan;nan;nan
1.958430133562682940e+01;nan;nan;nan;nan;nan;nan;nan;nan;nan
-3.688506547031438032e+01;nan;nan;nan;nan;nan;nan;nan;nan;nan
-2.258705584067007166e+00;nan;nan;nan;nan;nan;nan;nan;nan;nan
1.567172559457087999e+01;nan;nan;nan;nan;nan;nan;nan;nan;nan
-4.469208860468738109e+00;nan;nan;nan;nan;nan;nan;nan;nan;nan
6.888191443560991445e-01;nan;nan;nan;nan;nan;nan;nan;nan;nan
-1.292048777354476652e+00;nan;nan;nan;nan;nan;nan;nan;nan;nan
-1.591380561732242995e+02;nan;nan;nan;nan;nan;nan;nan;nan;nan
-3.829909977058562731e+01;nan;nan;nan;nan;nan;nan;nan;nan;nan
-1.531507948184300527e-01;nan;nan;nan;nan;nan;nan;nan;nan;nan
-2.009903486582531595e+00;nan;nan;nan;nan;nan;nan;nan;nan;nan
1.357774078592142430e+01;nan;nan;nan;nan;nan;nan;nan;nan;nan
-3.016094524544820743e+00;nan;nan;nan;nan;nan;nan;nan;nan;nan
-9.247037455433961384e+00;nan;nan;nan;nan;nan;nan;nan;nan;nan
-1.265743708427717884e+01;nan;nan;nan;nan;nan;nan;nan;nan;nan
-1.432277255227029089e+00;nan;nan;nan;nan;nan;nan;nan;nan;nan
1.046513577576101994e+02;nan;nan;nan;nan;nan;nan;nan;nan;nan
1.498010589624708011e+01;nan;nan;nan;nan;nan;nan;nan;nan;nan
5.558610727893322778e-01;nan;nan;nan;nan;nan;nan;nan;nan;nan
3.066185803469298476e-01;nan;nan;nan;nan;nan;nan;nan;nan;nan
1.998563808054154123e+00;nan;nan;nan;nan;nan;nan;nan;nan;nan
4.788948696292600893e+00;nan;nan;nan;nan;nan;nan;nan;nan;nan
-2.809222947456801478e+01;nan;nan;nan;nan;nan;nan;nan;nan;nan
2.540582699357803875e+01;nan;nan;nan;nan;nan;nan;nan;nan;nan
1.207951781522703172e+01;nan;nan;nan;nan;nan;nan;nan;nan;nan
-5.212123125855003813e-01;nan;nan;nan;nan;nan;nan;nan;nan;nan
-2.798385538067166500e+00;nan;nan;nan;nan;nan;nan;nan;nan;nan
4.796485395743862457e-01;nan;nan;nan;nan;nan;nan;nan;nan;nan
6.055487295968713102e-02;nan;nan;nan;nan;nan;nan;nan;nan;nan
-3.225998200200801413e+00;nan;nan;nan;nan;nan;nan;nan;nan;nan
-1.209287179529509260e+01;nan;nan;nan;nan;nan;nan;nan;nan;nan
4.282776419696999071e+00;nan;nan;nan;nan;nan;nan;nan;nan;nan
1.388748698992719355e+01;nan;nan;nan;nan;nan;nan;nan;nan;nan
2.547671159222024251e+00;nan;nan;nan;nan;nan;nan;nan;nan;nan
-3.870158635712637629e+00;nan;nan;nan;nan;nan;nan;nan;nan;nan
-1.006636899374565797e+00;nan;nan;nan;nan;nan;nan;nan;nan;nan
-7.469191967947200972e+00;nan;nan;nan;nan;nan;nan;nan;nan;nan
2.495807497845600054e+01;nan;nan;nan;nan;nan;nan;nan;nan;nan
-4.980828805103242551e+00;nan;nan;nan;nan;nan;nan;nan;nan;nan
-2.493698598755073714e+00;nan;nan;nan;nan;nan;nan;nan;nan;nan
2.506760367266402056e+00;nan;nan;nan;nan;nan;nan;nan;nan;nan
4.598855832466761662e+00;nan;nan;nan;nan;nan;nan;nan;nan;nan
-7.727772626504421094e-01;nan;nan;nan;nan;nan;nan;nan;nan;nan
-1.083685404836993271e+01;nan;nan;nan;nan;nan;nan;nan;nan;nan
-1.453580527429938707e+00;nan;nan;nan;nan;nan;nan;nan;nan;nan
7.692859664737957459e+00;nan;nan;nan;nan;nan;nan;nan;nan;nan
-4.144482614712923230e+00;nan;nan;nan;nan;nan;nan;nan;nan;nan
-1.478023787235700937e+00;nan;nan;nan;nan;nan;nan;nan;nan;nan
-4.314477195602258064e+00;nan;nan;nan;nan;nan;nan;nan;nan;nan
-2.174324688614428958e+00;nan;nan;nan;nan;nan;nan;nan;nan;nan
-2.840190950387000424e+00;nan;nan;nan;nan;nan;nan;nan;nan;nan
-3.396997522687407178e-01;nan;nan;nan;nan;nan;nan;nan;nan;nan
8.401270270052538791e+00;nan;nan;nan;nan;nan;nan;nan;nan;nan
7.689547052738300081e+00;nan;nan;nan;nan;nan;nan;nan;nan;nan
-8.297414085915665538e+00;nan;nan;nan;nan;nan;nan;nan;nan;nan
-5.425291437986717646e+00;nan;nan;nan;nan;nan;nan;nan;nan;nan
-2.669426167137218808e+00;nan;nan;nan;nan;nan;nan;nan;nan;nan
3.181801527945987029e+00;nan;nan;nan;nan;nan;nan;nan;nan;nan
4.568305046878555764e+00;nan;nan;nan;nan;nan;nan;nan;nan;nan
4.568815903198505168e+00;nan;nan;nan;nan;nan;nan;nan;nan;nan
-6.195371678356252687e+00;nan;nan;nan;nan;nan;nan;nan;nan;nan
-5.926513775488057689e+00;nan;nan;nan;nan;nan;nan;nan;nan;nan
1.278163305273191810e+02;nan;nan;nan;nan;nan;nan;nan;nan;nan
1.419338878979441665e+00;nan;nan;nan;nan;nan;nan;nan;nan;nan
5.386888637853139095e+00;nan;nan;nan;nan;nan;nan;nan;nan;nan
-6.699235487261149480e+00;nan;nan;nan;nan;nan;nan;nan;nan;nan
1.960327946111791952e+00;nan;nan;nan;nan;nan;nan;nan;nan;nan
-3.780537332887034196e+00;nan;nan;nan;nan;nan;nan;nan;nan;nan
-2.330032678151730818e-01;nan;nan;nan;nan;nan;nan;nan;nan;nan
-8.936715054308818074e-01;nan;nan;nan;nan;nan;nan;nan;nan;nan
1.056072919328160786e+01;nan;nan;nan;nan;nan;nan;nan;nan;nan
-2.356220012558507992e+00;nan;nan;nan;nan;nan;nan;nan;nan;nan
4.661071957782120023e+00;nan;nan;nan;nan;nan;nan;nan;nan;nan
-3.434913783298446432e+00;nan;nan;nan;nan;nan;nan;nan;nan;nan
1.718580974919549753e+00;nan;nan;nan;nan;nan;nan;nan;nan;nan
1.030802899502249304e+01;nan;nan;nan;nan;nan;nan;nan;nan;nan
-5.553378968203629640e+00;nan;nan;nan;nan;nan;nan;nan;nan;nan
-1.319898597648563765e+00;nan;nan;nan;nan;nan;nan;nan;nan;nan
6.893924353230985957e+01;nan;nan;nan;nan;nan;nan;nan;nan;nan
8.279144961876097497e+00;nan;nan;nan;nan;nan;nan;nan;nan;nan
1.303356404548601510e+01;nan;nan;nan;nan;nan;nan;nan;nan;nan
1.645063337359585098e+00;nan;nan;nan;nan;nan;nan;nan;nan;nan
-2.094774891474006751e+00;nan;nan;nan;nan;nan;nan;nan;nan;nan
-1.044338528085290818e+01;nan;nan;nan;nan;nan;nan;nan;nan;nan
1.111051058797330526e+01;nan;nan;nan;nan;nan;nan;nan;nan;nan
-1.325646109392446270e+01;nan;nan;nan;nan;nan;nan;nan;nan;nan
2.352732538957909725e+01;nan;nan;nan;nan;nan;nan;nan;nan;nan
2.211216461961539181e+01;nan;nan;nan;nan;nan;nan;nan;nan;nan
3.122762081151440938e+01;nan;nan;nan;nan;nan;nan;nan;nan;nan
6.025593350429993222e+00;nan;nan;nan;nan;nan;nan;nan;nan;nan
2.783403746028581871e+00;nan;nan;nan;nan;nan;nan;nan;nan;nan
-1.828064626901455991e+00;nan;nan;nan;nan;nan;nan;nan;nan;nan
8.568911411838868730e+00;nan;nan;nan;nan;nan;nan;nan;nan;nan
1.298023322360298826e+00;nan;nan;nan;nan;nan;nan;nan;nan;nan
1.873856248823875248e-01;nan;nan;nan;nan;nan;nan;nan;nan;nan
-1.106425163748273199e+01;nan;nan;nan;nan;nan;nan;nan;nan;nan
-1.273916317013183530e+01;nan;nan;nan;nan;nan;nan;nan;nan;nan
3.052277201663885720e+00;nan;nan;nan;nan;nan;nan;nan;nan;nan
-1.072731395990505732e+01;nan;nan;nan;nan;nan;nan;nan;nan;nan
3.685260986037626196e+00;nan;nan;nan;nan;nan;nan;nan;nan;nan
-1.036000355547745944e+00;nan;nan;nan;nan;nan;nan;nan;nan;nan
-1.170842295553156553e+01;nan;nan;nan;nan;nan;nan;nan;nan;nan
9.740612968780126835e-01;nan;nan;nan;nan;nan;nan;nan;nan;nan
6.471887623691868541e+00;nan;nan;nan;nan;nan;nan;nan;nan;nan
1.567692580403238196e+02;nan;nan;nan;nan;nan;nan;nan;nan;nan
-5.064042466749717697e+00;nan;nan;nan;nan;nan;nan;nan;nan;nan
-1.772534344390562566e+00;nan;nan;nan;nan;nan;nan;nan;nan;nan
-2.436945140532295329e-01;nan;nan;nan;nan;nan;nan;nan;nan;nan
-2.047184880879231450e-01;nan;nan;nan;nan;nan;nan;nan;nan;nan
-5.468103608349098366e+00;nan;nan;nan;nan;nan;nan;nan;nan;nan
-2.961133127134848664e+00;nan;nan;nan;nan;nan;nan;nan;nan;nan
-1.735547854498963716e+01;nan;nan;nan;nan;nan;nan;nan;nan;nan
1.154564339287975416e+00;nan;nan;nan;nan;nan;nan;nan;nan;nan
4.522105323251311120e+02;nan;nan;nan;nan;nan;nan;nan;nan;nan
-1.214973408440583391e+01;nan;nan;nan;nan;nan;nan;nan;nan;nan
4.144483149219530205e+00;nan;nan;nan;nan;nan;nan;nan;nan;nan
4.340113341845748263e-01;nan;nan;nan;nan;nan;nan;nan;nan;nan
-3.003208386879450575e+00;nan;nan;nan;nan;nan;nan;nan;nan;nan
-2.896947186953534370e+00;nan;nan;nan;nan;nan;nan;nan;nan;nan
1.157477215629924387e+02;nan;nan;nan;nan;nan;nan;nan;nan;nan
-1.409672787069388811e+01;nan;nan;nan;nan;nan;nan;nan;nan;nan
1.429461811831130635e+00;nan;nan;nan;nan;nan;nan;nan;nan;nan
5.850248738562714435e-01;nan;nan;nan;nan;nan;nan;nan;nan;nan
2.795727832109610844e+01;nan;nan;nan;nan;nan;nan;nan;nan;nan
-6.728650729923222329e+00;nan;nan;nan;nan;nan;nan;nan;nan;nan
-5.356533369635646125e+01;nan;nan;nan;nan;nan;nan;nan;nan;nan
1.338854886816780976e+01;nan;nan;nan;nan;nan;nan;nan;nan;nan
-3.063412832748377390e+00;nan;nan;nan;nan;nan;nan;nan;nan;nan
-1.463650516138112145e+00;nan;nan;nan;nan;nan;nan;nan;nan;nan
-1.264466694220905296e+01;nan;nan;nan;nan;nan;nan;nan;nan;nan
-5.810395665686809430e+00;nan;nan;nan;nan;nan;nan;nan;nan;nan
-5.818328228662352331e+00;nan;nan;nan;nan;nan;nan;nan;nan;nan
3.209764172682361583e+00;nan;nan;nan;nan;nan;nan;nan;nan;nan
