0;1;2;3;4;5;6;7;8;9;10;11;12;13;14;15;16;17;18;19;20;21;22;23;24
111010011000100110;100000110000011110;100000100100000000;000000000100000001;100000000100000000;000000000000110000;000100100000000000;000000100011100001;100010000000100000;000000100000000100;000100001000000000;101000000000000100;100011000000000000;101000000000010000;000000000000001000;000000000001100000;001000000000001000;100000000000001100;000010000000000000;000000100000000000;100000000000101000;000000001000110010;000010010000000000;000010010000000000;100010000001101000
111000111100100100;111000111100100100;000000000100000000;000000000010010000;100000100010000000;100000000101000000;000010010000000000;110101000000110010;000100000000001000;100100010000100100;100001010000000000;000000000100100000;101000001000100010;010000000000001000;010000000010000000;010000001000000000;000010000000000100;101001000101000000;110110000000100000;001001000000000000;001000000000000000;001010000010010000;000010000001000000;000001000000000100;001100010111000000
010010100100100100;100010000000000010;110000000000000100;000000100000000001;000000000001001000;000100000001000000;110000000100000010;100000000100000000;000000000000100010;100000000100000001;000000000010111011;110000100000000000;010010000000000000;000010000001000000;100000000000010010;100110111100000010;001000000000001100;100000001001000000;001001000000000000;100101110000000000;000110000000000000;011001100000000000;001000000100000000;000000000000100100;000000000010000000
010110000000011000;001100000110010100;000001010000000000;110000000100000000;000100000100000100;000000000010100000;000000000000001100;110000000010100000;100100000000001000;101000000001011000;001000110000010110;000001000010100000;101100000101000010;100000100100001000;000010000000000100;100000100001010000;000100010110011000;000000000010100000;000000100000000100;010001000000000000;100000100000010000;000001000000100000;100010000000000010;100000000000000010;011000000000000000
011101111001011000;000000000000010001;011011000011111001;100000000000011000;000000010001000000;010010000000000000;100000010000000100;010010000101000101;000000000001001000;100100010010010000;000000000100000010;001000000100000000;000000000001000010;101000000001000000;000000100000000000;100010000000010000;100100100101000000;001000001001100110;110000000100000000;100000000000100100;000000000000010001;100001000100000000;001110010101001100;111000000000000010;010010100110000100
100011111011001000;011011101100110010;101000001000000100;101001110001000000;100000000010001000;101000000010000000;001000000000001000;000000000010010000;000000000010010000;000000000000001000;110000000000010000;001000111000101000;010111000000010000;000101000000000000;100001000000100000;010000000000000100;000000100001011000;101001000001001000;000100100101001000;100011000000000000;100001100110000000;000000010101000100;100000000100000000;100001100000000000;111000000000000000
001000100110110110;010001001011111001;000010000000000100;000000000001000100;010010000001000100;100010000000010000;100000000000010000;000000000100100000;100000000100101000;010000000001000000;001100100001010010;101000000010000000;000101000000000000;010000000100000010;100001000000000100;000000110000100000;010000000000010000;100000000010100000;101000000100000000;000000010000000100;110000100000000000;100100000000000001;000010000001000000;000000110000000000;101000100000000000
110010000101011101;100000000001010000;000000000100001000;100000000000100001;101000000000010100;100000100010000000;100000010000000000;010000000100000000;101100000010000000;000000010000001000;000100001000000000;000100000100011000;100000000000001100;000000100000000000;010000000000000100;100010000001010000;100001000000100000;110000000000001000;100001000001000000;010100000000100000;000000000010010000;001000000000001000;100010000000001000;111000100010010001;000001000001000000
101001000010100101;000110001011100100;100001000000000100;100000000001000000;001000000000001000;010010001000001000;010010000011000010;110010000000001000;101000001000000000;000000000010000010;001000000101010000;100001000000000100;000100000000010000;100100000001010010;100010100000000000;000111000000010000;100101000000000000;000100010000000000;100000000001000000;000000000000000111;011110000110000100;000001000000000100;100010000000000000;100000001000001010;000000000100010011
000101100111111011;010100101111011000;101100000000000000;000100000010000000;111111100111111101;010010000110001000;100100010000000000;111010000000000100;000001000010000000;100000000001001000;110000000001000000;000000000001000000;001000000000000000;000000000010000100;011000000010100100;001100100000000000;101100001100000000;000001000100000000;000000000110000000;100000000000100000;010100000000100000;000000100000001000;001000000000000000;111000000000000000;000010000000100000
111101011110111000;100000000011000000;000000000000100000;100000000000000100;100000001000000000;010000000000001000;000000000000100000;000010000001100101;000000010010000000;100100100000010000;100001001000000000;001001000000000000;011001000000010100;100001000000000110;100010000000000000;000000000000110010;000000000000101000;101000000100000000;010000000000000100;100000100010011000;000100100010011000;100000000010000100;000000000100010000;010000000000100000;000000100000001000
001100000110010100;010100000001111000;100000000011000000;100010000011000000;111011000001110000;110000000000010000;100000000010001000;010001000001000000;100000100001010000;001000000000000100;111011000110001000;110001100001000000;001100000000000000;000101000011000100;010000000000001000;100001000000100000;100011000000010100;100010100000000000;000000100100000000;010000000010000000;100000000001000100;000000000010000000;000000000001010000;100100000000000000;100001000010000000
110001110111100110;011001001101101100;111000000010101000;100000000010000100;100000000110000000;000010000000000010;010001000001100000;000010000010000000;001000000000000100;010000000001000000;000001011010000000;000001000000000010;000010000000000010;000000000000000101;100010000000100000;010011000000000110;000010000001010000;100000000100000100;100001000010110010;000001000001000000;100000100000000100;100100000000000100;110000000000100000;000000000100001000;101100001001010000
110001110111010110;000001000100000000;000000000010000100;100000000100000100;100000010000010000;100010000001000110;100010000000010000;011010000101001000;110000000100000000;000000100001000000;010001110000010000;000001000000000001;000000000100001000;001000000000000001;100100000100000000;000010000001000100;010100000001000101;100000100000000000;101000000000000100;100001100110000000;000000010000000010;000000000000001001;100110000000000000;100000000001001000;000010000000000000
000111100111100010;100000000010000000;010001000000000000;110000000000000100;000000000001000001;000010010000000000;010000000001000000;001001000000000111;100000000000000001;000110000001101101;100000000100100000;010000000000010000;100000100001010000;000100000010000000;011000000000000000;000010000000100000;100000000010010000;100001000001000000;101000000000110000;100000010010000000;011000000000000000;000010000010000000;000010000101010000;000000100000100000;010000000000000010
110001011001110010;110010000101011101;100000000000110000;010000000000001000;000010000000000001;111111100000000000;100000000100000000;100000010000000100;110000000001101111;001000100000000000;100000000100000000;000000010000101000;100000000101000000;000000000010010000;000000000001000000;000000000100000010;001000010001100000;000000000001100000;100010100000000000;001001000000000000;001001000000000000;110000000001000000;100001001010001000;010000100101000000;101000100000001100
100111000001110000;001010000000000000;100001000000010000;100000000000001000;010000000100000000;111000010000010001;100010110010101000;000000000001001000;000010000010000000;101000000000001000;111000000000000011;000000000000101000;000000000001010000;100000000101000000;000010000000000100;000000010100000000;100000000100000001;010000010100000001;000000100000000000;010100000000000000;000000000001000100;000000100010000000;010100000010000100;000111000100000000;000000110000000000
010101000111001101;101000000000100000;101000000000100000;110110100000000010;010101000000100010;010010000100100000;111111100000000000;100000000101000000;010000000100000000;100110000000000000;100000000000000010;010000001100000000;100000001000100100;010001110000110010;100001000000000000;101000000000000100;000000000000010100;001010100001010000;000100000000000010;101000000000110000;010000100101010000;000100001000000000;010000100101000000;100000000001111000;100000001000001000
010000000101100101;001000001000000000;000011000000000000;000000001001000000;001001010010010100;111000000000000000;110101000000110010;000000000000101000;000000000010001000;100101000000000100;000001000010100000;100000000000000000;110100000000000000;000110100100000000;000000000000010000;100100000000000000;001000000100000000;101000000000110000;000000000000110000;010000001010000110;000000100000000010;100000000000000011;100000000001000100;010010001101010000;110000001011001100
100001110010101000;100111000001110000;100111000111110000;000000000000100000;110000100000110000;101000000001010000;101000000000000010;101000000000000100;001100000000000000;000100000001001000;100000100010000000;010111000000010000;110010000000000000;001100000110101000;000010010000001000;000010000000000100;001000010010010000;000001000010000000;000000100001011000;001000100000000000;000100100000000000;100000000100100000;100000000010110010;110100000000100000;000000010100000000
100100100111111111;100000000000100000;100001001000000000;000001000000000010;100001000000000100;010000000000000001;010010100000000000;100000000000101000;010000000000000001;000000000100000000;101000000100000000;101100000000001000;000100000000001000;000011000000000000;001000000000011000;000000000001010000;000110000000000110;100001000000010000;010000000000100000;000000000000001010;000010100000000000;100100000000000000;111010100010000000;010010000100100000;100010001000000000
011110101001110000;101010000001011110;000100000100000000;010100000000001010;010100000000001010;010000100000000000;000100000000000001;100000010010000000;100000010001011000;000001010100000001;000000001000100000;000001000000100000;101000000100000000;010010000011000010;100001000010000000;000000100000000000;000100000000000000;000000010000000010;000100000000100000;010000000010000000;100001000000000100;010100100010010000;100000100000000000;101101000001000000;000000000100010000
101001010010010001;100010010000000000;000000001001000000;100000000011000000;101000100000000000;110000000000001100;100010000000001000;000010000100000010;000000000001001000;100001000000010000;000000000010101010;110010000000000000;001010000000000000;100100000000010000;101010000000000000;000100010110000000;100000100001000000;000100010101001010;000101100000001000;010000000000001000;101010000000000000;001001000000000000;001000000000000010;000000000000010010;110000000101000110
010100101111011000;101100000000000000;000010000000010000;010000000001000000;110000000000010000;000000000010000001;110000000000001100;000000000101000000;000100000000001000;000001000011010000;010000000000000001;100000000010000111;100000000100000000;100001000010000000;010100100100000010;000000000001000100;000000000000110010;001000000000001000;100100010000000000;001000000000000000;001010000000000000;110000000000101001;110000000010000001;101100100010000000;100000000000101101
111010011010111100;101100000000000000;011111000001110000;011000000000000000;101000001000000000;000000100000000000;000100000000010000;000001101000100000;000000000000010000;000000000010001000;100000100000001000;100001000000000100;100000000100100000;100000000100000001;100000010000000000;100001000000100000;100000000001010000;000100000000010000;100010000010000000;100000000000110000;100000000000101000;000000101001000010;000000000100001000;000000000011000000;000001000000100000
110111000100100100;111101000110100010;000000000010010000;011111000001110000;100000100100000000;000000010000010000;100000010000100000;001100011011000000;000000000110000000;110000000000000000;000110000000000000;100000000100000000;100001000000000100;000100000000001000;100100000000000000;010000000000000000;000100010000001010;101000000000010100;000000000000011000;100110100101000000;000100000000010000;101010000000000000;100001010001000000;000000000000000000;101101100010010000
010001000001111010;101000000011001101;100011110111110101;000000000001001000;100010000000000010;000010000000100000;111000100000000100;000100000000001000;101100000000000000;000000010000001101;000000000000101000;000000000000010100;000100100000000000;000000000001000000;000000000000000000;001000000100011101;101000000000000000;100010000000100000;100000000000001010;000010001100000000;110000000001000000;100010000000000010;101000000101001000;000000000001000110;010001000000000000
111010110100110100;001000000000000100;100000100010000000;000000100000000000;011000000001000110;100000000010001000;010010000000000000;000000000001100000;000000000100000010;000000001001000000;100000100001010000;001100000000000000;100101000000000000;000010001000110000;000100000000000001;100100000100000000;111000000000010000;000000000000011000;100000000100010000;000000100001011000;000100000010011000;000100000101000001;110100000000100010;000000000000110000;101000000001000000
000101100100000111;000000000000010100;000000000001010000;100000000100001000;000101100110101101;100000000000010100;000000000000100010;100000000000100001;000000000001000001;110000000000000000;000000000000000001;110100000000000001;001000000110000000;100000000001000010;110000000000000010;001010101000000000;000000000000011000;010000000000100010;000010000000010000;000000001000000010;100000010001000000;001000000000000000;101000100000000000;000010000000010000;100000000000000100
100000010001111010;101001111111011111;000001001000000100;000000000001000010;000100000000000010;001001000111100001;100000000101000000;101000000000010010;000100000000000100;100010000000100000;100000000100100000;100011000010100000;010000001000000000;001000000000000000;001100000110101000;100100000000000100;100000010000001000;100000100000010000;010100000000100000;000000110110100100;110100000100000100;000000100001000000;100100000000000000;100000000001100000;001000000100000010
000110001011100100;000000100000100000;100001000000000010;000000000110100100;000010000000000100;110000000000010000;101001000001000110;100000000100000000;000001000000000001;000000100000000010;000000100000100000;100010000001000000;100000000101000000;100110100000001110;000000000000000100;111000000000010000;000000010000000010;110000010001001000;100001100000000000;000000000000001100;100100000000000100;001101010001000100;110100101000000100;100000000000110000;010010000000000000
101010101001010111;010111100111001001;101000000100000000;000100100101101011;110001000000000000;001000000000100000;100000000000001100;100000000000000001;000001000100000000;001100000000000000;010000000001000000;100000100000100000;100010000001000000;111100010000010000;000100000100000000;101000100000000000;000000100000000000;101000000000001000;100000000001001000;010000000011000001;000000000000001000;110100000100000100;010000000100000000;000010000001000000;100000000011100000
010110011111010100;100000000000101000;010000000000001000;000000001000010000;100000010100000000;010000010000000000;110000000000000100;001110010000000000;100001000010000000;100000000100000000;100100010000000000;000010000000000100;111011100110101000;100000000000111010;000000000100000010;000010100000110011;000011000000000000;100100010000000000;100100000100000000;000011001010101100;101000000000100000;100100000000000001;100000000000110000;001101000000100000;100001100000000000
101111000110100001;100000010111111101;100100000000111001;001000000011000110;000010100000000000;100000000001010100;000000010000010000;101100000010000000;101000000010000000;111000000100001100;000001000000000000;000100001000000000;010000000000001000;101010010010000000;001000000001000000;100101000000000000;000100000001000000;100000010000001000;000000000110000000;100000000101000000;100010000001000000;100001000000101000;000000100100000000;010100000000000110;000000000100010000
000101100110100110;100000000001001000;101001110001000000;100000100000000100;101000000000000010;000000000100010000;101100000010000000;000000010100000000;000100100010000000;010010000000000000;100000010100000101;110000001000000000;001000101000010000;001000000000000000;000000001001000000;000000100000000001;000100000100000000;000000000000010100;100000000001010000;110000100000000000;000000000100000100;100000100100000000;100000010000010010;000000010000000000;000100000000000000
111111111000101011;000101100100100110;010100000000100100;010101000000100010;000100000010100010;100000000000000100;000000100000010000;101000000000010000;000000100001000000;101100000010000000;000001010000000000;100000000001011000;100101000000000000;100000100001010000;100000000000000010;000100000010000000;000010000000100000;001000000100000000;100000000110000100;100000000101000000;000000100010000000;000110000001010000;111000000000000000;100001010000110000;000000000011000000
001111110100001000;001001110001000001;100000100101001011;101100000000000000;001000000001000000;110000100001110010;000000000010010000;000000000001001000;100000000001000100;100000011000101000;000000000100000000;010000000000100000;000001000000010110;001100000000000000;000000000010001000;110011000000000100;011011000100000110;000100100101000000;000000010000010000;100010000001000000;000101000000000000;000011000101100001;110100000100000100;100000000000010010;000000000001000010
110001011101101111;010000000001000000;100000000000100010;010000000000100000;100010000011000000;100000100000000100;110000001000000000;100000001001000000;000000010011100010;100001000001001010;101000000000000100;001101100000010010;010000000100000000;000100000100000000;000110100001000000;000000000000111100;101000100000000000;100001100001100000;110000010001001000;011100000110000000;100000000010000010;100001010001000000;110000000001000000;100000000100000000;110100000000100000
001000000111001001;100100000000010000;111111100011111111;000000001001000000;001001000000011000;000000000000001100;100000000100101000;101000000010000000;100000000101000000;000001000000000000;000100100000000000;001001000000001001;000000000000001000;000100001000011010;110000001000000000;100000011100001000;110011000000000001;111010100000000000;110000010000000000;100000010000100000;100000100010000000;110010000000010010;100000000001000110;001000000000100110;001000000000000100
000111111101111000;110000100111111001;000101100000100000;100000100100000000;010001000100000010;100000000001000100;000010000000000000;100000000000101000;011010000101001000;100001000010000000;000000001000010000;100000011001011000;000101000011000100;001000010000000000;100100000001001000;000000010000100000;100001000000010000;100000000000100010;000100000000000010;100010000000000100;100010000000000100;000000000000101000;010000000000000010;110001000000000000;011110001001001000
001111100000111010;000011000000000000;110111011111001000;101000000011011101;000000010100000000;000010000000000000;110000000010100000;000000010000011110;101000000000010000;110100000001100100;000011000000000000;101100100000000010;000000000100100000;100010000000000100;010000010000000000;100001000001000000;011000000001101010;100000000000101000;000000000000100100;111110000000100010;100001010001000000;100000000000000001;100000000000000001;110000000000000100;000000000010001000
110011101011100011;001000100110110110;010000000001000000;001000000000001000;100000100001000000;000000000001000010;000010000001100010;001011010000010000;100000000101000000;010000000000001000;111000000000000000;100000100000001000;111000100010000010;000100000110000000;001000000100001000;010010000011000010;010000000000000100;100001000100000000;100000000010010000;100000000001000000;100010000000000100;000000000000001000;100001000000101000;000000000001101000;100100100010100000
100100000001100111;110100000000011001;110000000000000100;110100000100010101;000010000000000000;100000000000001100;000000000000010000;100000000011000000;100001000000001000;111011000110001000;000100000100011000;100000000101000000;110100000000011000;000000101000000000;100000000001000100;000000100010000000;100000100010011000;101000000000001000;100001000000010000;000000000010010000;100000000000011001;000100110100000010;111001001010001000;110000000100000100;000101000000000010
000001011111111111;110001110111010110;011000000000010001;000000000001010000;101000000010000000;000100000100110010;100000000001001000;100000100001000000;100001000001001010;000000000010110010;101100000100001001;111011000110001000;000001000000100000;000100000000000010;000000100000100000;000000000100100000;101000000000001000;000100100101001000;010000000010000000;100010000010000000;000110000001010000;100000100010000000;000110000000000000;100000100010000011;100000000000001000
011100000100100110;001000000100000000;100000000100001000;000100000001000000;000010000000000110;000100110000000010;001000010001000000;001000100000000000;010000000001000000;000000000100100000;001100001000010000;100001000000000010;110100000000000000;100000100010000000;000110001000001000;000100000000001000;110000000001000000;000000001000001000;000000010010000011;110000000000001000;100101000000001000;100000110000000000;100001000010000000;000010000000000010;000000000100000001
010110011001101110;010000000000100000;000000000001000010;110000010100000000;000000000010000001;101000000000010000;001000000100000000;000100100000000000;001000100000000000;000000000110000000;001100000000000000;100000000001011000;101000000000010000;001000010001101000;101000000001000000;100001110000000001;100000000000010000;000000000010000010;100000100010000000;001000100000000000;000000000000000010;100000100010000000;000100001000000000;100001000000001000;010000000000001000
100100010101111010;100010000100101010;110100000000100100;100000000001010000;000000000000010010;000010010000000000;000000100000000001;100000100001000000;000000100001000000;000000011010001000;100000000000001000;000000000110000000;000100000100000000;001000000001000000;110000000000000000;101000000000001000;110000010000000110;000100000000100000;100110100101000000;100100000000000000;100000100010000000;000100010000000000;000000000001000100;110000001000000000;100000000011000000
111111011101000100;010011101110010000;110000010000000000;100000100001000000;100000100000000100;101000000010000000;110000000000010000;100000000001001000;000000000010001000;100000000010010000;100010000100011000;010100111001001000;010001010000000100;100100000100000000;011110010000000000;100000000000000010;101000000000000100;101000000000100000;000001000000100000;000100000000000010;000001010000000000;100000000100000000;100000100010000000;100000000000001000;000000000001101000
101110111101011011;001111011111000010;100000010000001000;110001000000000000;100010000010000000;000000000000100000;100000100000000000;100100000000001000;110000000000100100;101011100110000000;100001000001000000;100000010001100000;000000010110001001;001010000010101000;100000001000000100;100000000000010000;000000010000001000;000011000010001100;000000100000000001;101000011000111000;100000000100100000;100000000000000100;000000000100001000;101000000000001000;100000000000000100
010011101110010000;000000010001000000;010000000000100000;000101000000000000;100000000000001010;001000001000000000;010000000000000001;101001100000010100;101000000000000100;110010000001000001;000000000000010100;001000000101000001;000001000010100000;110010000000000000;000011000000000000;001100000000000000;100101000001001010;100001000101100100;100001000100100110;000000111101000010;100000001001000000;100100010000000000;100000000100000001;100100000000100000;110000000000000000
100001110000010010;000000000001000010;100000000000100000;100000100010000000;110010000000001001;100000100000000100;100000010000010000;100000000000001100;000000110000000000;000000010000001000;000000010000000011;100000000101000000;100000000000011000;000000000011000000;000000000001100010;000000000100001000;100010100100000000;000010000000010000;100101000000000000;100000010011000010;100000100001000000;100000000000100000;100000000110000010;100000000011100000;101000101100100100
100011011111001010;000000000000010100;100000001010000000;101000000100000000;011000001000000000;100100000000000001;000000001000000010;101001000001000110;000000100001000000;101100000000000000;100100000000000010;000100010010000000;000000010000011000;000000100100000000;100000000000000110;000010000000000100;100100000000100000;100000000000110000;110000000001000000;000000000000000001;011000100011001000;101101100110000000;101100100010000000;100100000010000000;100000000010000100
000000011000101010;000100000100000000;001000000000000100;010001000011000100;010010000110001000;101010000000000001;100010000000000000;010000000001000000;100010000001000000;110000000001000000;100100000000010000;100100000100110101;001100000110101000;000010000110010000;100000010000000000;111000000000000001;100000000000100000;100010001000000110;000000100100000000;100001000000000100;000000000100000100;100000000000100100;100000011000000010;100000001000100110;100001000000001000
111001011010101000;000000000100000010;100000000001001000;101000000000100000;110000000000000100;100000100110000000;000010000000100000;110000000000000100;000000000010110010;000000001000100000;001000000010100100;000000100000010000;000000000010010000;001000000001000000;010010000011000010;000000000000000100;000000010010100000;000011000000000000;000000000001100000;100000000001010000;000000100001011000;000100000010100010;000001000000000100;111001001010001000;010000100101000000
001010000100111110;010000000000100000;000000100010000000;001000001000011000;110011001000000000;011000111000001000;110001101000000000;000000000000010001;100000000100000010;000000001010000000;010000000000000000;000000100000000100;001000000001000000;110110000000000110;101000000000000100;101000000010000000;010001000000000001;000100000100000000;010000000010000000;000100010000000000;000101010000001000;000000000001000100;000000100000001000;001000000000000000;100100010000000001
000111010001111111;110101011101001000;000010100000000000;000010000000100000;000001000000000100;000001100000000000;010000010010000000;100000001000010000;100000100000000100;101000000000000100;101000001010000001;100101000000000000;000000000000010001;100100000000000000;010110000100000110;000100000000000001;100001000100000000;000000100000000000;000000011000000000;010000000000010000;000000100000000000;100000000101000000;101011000000000100;000000100100000000;000011000000100010
011011011101000111;000000000000101000;110000000000000010;000000000001001011;100000011000000000;100000110101000000;101000001000000000;000100000000100000;000000010000100000;000100100010000000;101000011001000000;010001110000010000;101000010000000000;110010001000000000;010000100000000000;100100000100000000;111000000000000000;000100000000100000;010001000000000000;000000010000110100;100000100100000000;100001001000000000;001000000000000010;110000000000000010;000001000000001000
010010010100101010;010010010100101010;001000000000010101;001001000010000010;000000010001101111;001000000001000000;000000000000110000;000000000000010000;001000000000100000;000010000100000000;100000010001000000;110000000000010000;100000010001000010;100000000011000101;000010100000000000;000100100101001000;100001000001000000;100000100100000000;000000000000001000;000000010000000010;000000100000000100;000000100001000101;100001000001000100;001000000000000100;100011000000101100
010001111111100111;110000110101001011;000000001000000001;110000000000000100;100000100010000000;000010000010000000;000000001000010000;101000100000100000;010010000001000001;100100000100000000;000100110000000010;100000000001001000;000000000000100100;010000000100000000;010000000010000000;100000000001100000;110000001000000000;110000000001000000;010000000000010000;010000100101010000;110000100000000000;011010001000010010;000000100000001000;100011100010000000;001000000001101000
110010110011010101;100001110010101000;001010000011011100;110111000101000000;000100000001010010;000010000100010100;000000000001100000;100010010010001000;100000000100000000;000000010000001000;000000000001010000;100000000100100000;100001000000000010;100000010101000100;000000001000100000;100001000010001000;100100000000000000;000000100010110000;101100000100001001;100000000000010001;001000100000000000;100110000110010100;110000100000000000;100000000001101100;000000000100000010
001111100001111101;000010100000000000;010000000000000010;111111100111111101;100000100000000100;001000000110101111;100000000100001101;000100000000001000;010010000000010001;000110000000000000;000000000001010000;100000000001000100;001000001000000000;000010010000001000;011001110000110010;000100000000000000;100000000001001011;100000000010010000;100000110000000000;100000000100010001;100000000000000100;100000000000011000;110000010000000001;000011000111010000;000100000000010000
001111010110010101;110111000100100100;000000000001000010;000000000000101000;000001000000000010;110001000000000111;101000000000000100;100000100000000100;110000000000000100;100010000100011000;100000000001000110;000000000100000000;000001000000001000;000011001000000000;110100000001010000;010000000000000100;000001000000000010;000100000000000000;000001000010000000;010000000000000110;001000000000000000;100100000010000000;100000000011000000;000000000011000000;100000010010100100
000010110011111010;001010000100100101;100100001000000000;100000000000000110;100010000000000000;000000000000100000;100000001001010000;100000010100000101;100010010010100000;000000000001010000;010000000010000000;010000001000000000;000000000010001000;000000000000010100;000000000100000010;001000010000000000;100000000000001010;000000000000001000;110000001000101000;001011000010100110;000100000000101010;110000100000000000;100100000001000000;000000000100010000;111001100000000000
001001001101111010;000111111101111000;000100100000000000;100000010110001000;000010100000000110;001000000000001000;000000010001000000;000000000011000000;100000000000011000;100000000100000010;100000000000000010;100000100001010000;100110000000000000;100000100000000100;000001000000000100;010010000010001100;000000000010100000;100001000000000000;100010000001010000;001000010000000000;000000010000000100;010100000000100000;000100000000101000;001110010101001100;010000000000100000
110000100111111001;000000010010000000;000000000100000001;100001001100000100;000000000001000010;101000010000000100;101000100000010100;000001000000001000;100001000010000000;000000000000000001;110101000001100110;100000000000011000;000000000000100100;110000000000000100;000000000000010010;100100000000100000;000000010000000001;000000010010100000;000000000011100001;100000001100000000;011000010001010000;000000100000001000;100001011100000100;100000100000000001;000000000000100100
110110010111101100;000000011000101010;100000000010000000;000000100000100000;110000010011000000;110000000000000100;100000001001000001;100000000100101000;101001100100000001;000000000010101010;100100010000100100;101000000100000000;100100000100000000;000100100000000000;000110100000001000;100001100001100000;000000000000100001;000010100010100000;101000011001001100;100000000001000001;100000000011000000;000000011000000000;100000000001001000;000000000000001001;000000000100000000
000111100101001001;111111000011111101;101010011111000000;101000000000010100;100100000000000001;110000001000000000;000001001000000000;000000001000000100;000000001001000000;000011010010000100;100101000000010101;100100000100000000;000000001000000100;000000000000000001;101000100000000000;100000000100000100;010000100000000000;100000000000001001;100110100000001010;100100001001001000;011111110000000000;100000000000000000;000010100000000000;100011001010010000;100000000000100010
001111110111000101;000000000000100100;000000000000010100;010000000000001101;100000100010000000;100000011001010000;000010000000010001;000000000000000110;000010000000000001;000000000000000101;101000000001011100;000000000000001100;100001010001010001;000000000110000000;100000001000110010;000000101000000000;010010000010001100;100000000100100011;100000110000110000;110101000001000000;110101000001000000;000110000000000000;101000000001000000;011010000000000010;100000100010100110
001011010010000011;110111001001011001;100000000000100001;010000000000000010;000000101000000000;000000000001000001;000100001000000000;000000010010000110;101000000000000101;000001000000010011;000000000100100000;100000001000100000;001001000001101000;100000011100000010;100000000000010000;100100000001001000;000000001010000000;100000000001000000;001100010101011010;100110001100000010;000000011000000000;100000000000010010;000000000000000101;010000010000000000;100101011000110000
100010001011110110;100000000000110000;100000000011001110;100000100010000000;000001100110100000;000000100011000110;000001100111100001;010000000000000010;001000100000000000;000000000000010100;110000000000000000;010000000000001000;001001000000000000;100000000000000001;001100000000000000;000010100000000000;101000000000001000;000000000010100000;000100001010100000;001100010100100010;100100000000100000;000000001000000100;000000000011010000;000010000000000000;011010000000000010
011011111011011111;011100100101101101;001010101010000010;100000000000010011;010000000000000000;100000010000000100;100000010000000100;111000000000000110;100000000000001100;100100000000000001;000000000010000010;100001010000000000;010010000000000000;100001000000100000;010000000001000000;100000010010000000;000100100000000000;010111000110000111;000100000001000001;100001110000001000;011000001000001000;100000011000000000;100000000000001100;000000000000001010;000000100000000001
011000100101101001;101010011111000000;100000110000001001;010001000000000000;100010000000000001;000001000000000010;001010010000011101;110000000100000010;110111000000110010;100000100001010000;010000000001000000;000000000000000101;110000000000100000;000000010000100000;000000000010000001;110001010010000000;110001100010000000;101100000100001001;100000000101000000;100101110000000010;000000000000001001;111001000000001010;000000110000000000;101000100000001100;100000001100000000
101110000010001001;000000001000100000;100000100000000010;100001001000000000;100010100011111111;010011000000000010;010011100010001000;100000000010010010;110000000001000001;100000100000001000;000000010110001000;000001010001001000;000000001100000000;001100000000000000;000010100000010001;010000001000100000;000010100010100000;100000000001001100;100010010000000000;000100000010011000;010000000000100111;011000111100001000;100000000001001000;011000001100001000;001000001000000000
100010101111001100;001011010010000011;000011000100000100;110000000000000100;000101000000010011;101000001000000000;100000010010000000;000001001000000000;000010000001100101;100000100010000000;100000000001001000;010000000000000000;101000000000000010;001000010000000000;000000010000100000;110001000011000000;000100100101001000;100100000000100000;100000001000100000;001000000000101010;000100001000000000;000100000000000000;000000000100000010;001000000100000000;000010000000010000
011011101100110010;111101010001111010;000100000010000000;011000000000000000;000000100000010000;101000100000000111;000001010000000000;000001010000110000;100000110100001000;000000000000011000;001000010000001010;100010000010000011;000100000100000000;010000000000000001;110000001100001010;100110000000000010;100100101000001000;100010000010000000;110000000000000000;000001000000001000;110000100001110011;000000000001000010;000101010000000010;100010000000000001;100000000001000001
011000001010000011;111001001010101010;101100000000000000;100000110000000000;000000000001001011;000000010100000000;000000010100000000;100000000000000011;111010000100001000;101000000000000001;000000000001000000;000001000001000000;010100000000000000;010000011000000000;101000000000000001;010000010000000000;100000000010000001;011000000000000110;000010110010100000;110000011001001000;000100000000000001;000000100000000000;100001100000000000;110011000000100000;100000100000000100
101001011000101011;011000001101100101;000000000100000001;011000000010000000;100001000001000000;010100000010100001;000001011011000000;001000000000100000;100100010010010100;000100100000001001;110000000001000000;000001001000000000;000000000000000011;000001000011100001;100001010000000000;100001000100000000;000000100000000100;011100101000110100;000011001010101100;000000001001000000;100000010000010010;001000010000000010;100000001000000000;100001000000001000;000010100001000011
001000011000011101;001000001000000000;000001000100000000;101010010101000000;100000000011000000;101000010001000001;000000000000010010;110100001000000100;000001000000000001;000011000100000011;000001000010000000;000000001000100000;000000000100000001;100000000000000010;100000100001010000;100010000001000000;000100000000000001;100000000000000010;001000000100000110;000100100101001000;001100010100100010;100010000000000010;110010000000010010;101000000001000000;100011100010000000
010001110101000001;111111011001001000;001011010000000101;000010010000000000;101000000001010000;000000000000001100;000100000011000101;000000001101010000;100100010000000000;001000100000100001;100100010100000001;000000000001000010;000100001100000010;001000000000000001;000101000001000110;100000010000010000;100000100000000100;000011000000010001;100000000001000001;000000100000000100;100000001000000000;100000001000000000;000000001000100000;001000001000100000;000000010000100000
100011110111010110;100011001001111000;000100101110000000;000101100000100000;100000010000010000;100000000001000001;100011001101000000;000000000100000000;000010000100000000;100000000101000000;100010110001001000;100000110001000110;110100000000000001;100100001000000000;000010010011100000;000000000001100010;010000001000000000;100000000100000001;100001100001100000;000000100000000000;100000000100010001;110101000000000101;011001011010000010;100001000000101000;100110000000000000
000111011100011001;000000000001000010;111000111011101111;100011011111111111;010000000000001000;000111000100001101;100000000000000110;100000000100000001;000000000001000010;011010000000000010;100000000000100000;100000010010000000;110000000000000100;000000001001000000;000110000000001111;000000000000100100;000000100010000000;000000000001000010;000000110110100100;100000000001000100;101111111100000010;000000000000100010;100000010000001000;100000001010000000;100000010010000000
010101101101011110;111010011010011101;110000100111111001;110000000000001001;010000000000000010;100000010000010000;101000001001000001;000100000000000100;111000110000010000;000000000010011000;100000000101000000;000000000010001000;000000000110000001;000000000100100000;000001100000000001;000011000000000000;100101000010010001;001001010000011000;010011000000000001;000000000000110000;001000010000000000;100101001000000100;011000111100001000;100011000000101100;000100101000000010
000011011010011110;100000100000001000;100000000000000101;000001000000000100;110100100000000001;101000100001100000;100000010000000000;010000001010000010;100000011000101000;100000000000000101;000000011001001000;100100000000000001;100000000011000101;100000000010000001;110010000110011101;000000100000010000;000000110000100000;100011100100000010;001000000010000110;000000001000010000;100001001010001000;100001000001000100;100000001000001000;111110001001111010;000000000001000001
001110010101110011;000111010001111111;000000000000100100;101000000001111100;000000100000000100;100000001000000001;000100001000000000;000001001000000000;000000001101010000;010000100001101011;100010000000001001;010100010001000000;000000000110000000;100110000000010110;100001100001100000;000000000001000001;100110000000000010;000000100001011000;100000001000001000;101111100100000010;000001000000000001;000000000000000101;001101010001000100;101011000000000100;111011000000110010
010100011010100011;101101101101111011;000100001000000001;010000000100000000;010111000101100001;100000010000100000;000000101000000000;000000000100000010;000011010000000100;101001001000000100;000000000000000011;000000010100001011;100000010000000000;101101010000001010;000100000110101011;000000000001010101;000001000100000000;110000001000011001;001100001001000010;110100000000000000;011000101000001000;001001000000010001;000010010000110000;011000000000000000;101000001000101010
011111101101000010;100100010101111010;001000010000000000;110000000000000100;100000001000001000;000000011011001000;010100100000000001;101010100100000000;000000010000011110;000000000001000011;000000100110001001;110000100010111011;110001100001000000;000001010000100001;100100000000010000;000001000000000010;010000001000001100;100110100000000000;100000000100000001;100010100001100001;001011000110000110;000010000000000010;000010000000000000;000000000100000010;100010000000000001
100110001110111110;000000001000000001;111010000100100111;100101010101110101;000000000100011000;110001100110000001;100100001100000001;010010010001000011;000001010100000001;100000010010111010;100000001000000010;000001001000010000;110000101011111000;000100001000000010;010100001100000001;100100001010010001;000000001010010100;100000100010000000;100000101000000000;000001000100000000;000000000010000001;011001010000101000;100000010000001001;000000000000000010;100000110000000000
000111110101110011;000111100101001001;011010010100111011;100000001100000000;000000011000000000;111000000000010110;000000000000010001;001010010000011101;000000011000010000;101001010010010000;000000110010001000;100001100110001011;101100010000101011;000000000100000001;100100001000000000;011110000000100110;000000000001100000;100001101000000000;001011100001101001;100000101000000000;000100000101000001;100000110000000000;000000000000010100;100000100000000010;101111000000000010
011001001101010101;101111011110011101;001110111010100011;000110001100000100;100000011001010000;000100000000000001;000001001000000000;011000000000100001;001001100000100001;101000000000000001;100000000001000001;000101011100001011;000010001000110000;100001100001000000;000000000000000101;100100001000000000;100000000000100001;000101011110001000;001000100000000000;000100101000000100;000011001101100000;100000000100000010;100000000000001110;101000100000000000;011000001000110000
101101111111010101;001110111010100101;000110001011100100;000000010100000000;101010010111000010;000000011000000000;000110110000000110;100100011001000010;010001001010000010;000000010000100000;101100000000000010;000000001001110001;000000001000000001;100001001000000000;000000001001000000;110000000100000000;100001100001100000;100000000001000010;100000001000001000;100001000100100110;010010011001111000;101000000100000000;000100000000000000;100110000000000000;100001000000011001
100110001100100101;000000001000000001;100111010100101101;010111011110011100;110001010110001000;000001111111011101;010010010001000011;000001000100000000;110000111001001010;101000001000000000;000101000010000101;011101000000010001;100010000000000001;001001000000011101;010010001001100000;001011000010000001;101101011100001000;100000001000000100;101111100100000010;101100000010000001;000000010000010001;100000000100000001;000000001001111010;100000000010000011;100000001001101110
101101001001111001;101111101011001111;110101010000001010;100010001000000000;000000000000000101;101010101000000000;100000001010000000;000000010001000000;010101010010000110;010000101101001000;000111101101001000;000100110000000010;100010011000000000;000000100000000001;100000110101000000;010000001010000000;100000000000001100;010010001010001000;100001000100100101;100000001010000000;000000111101000010;000000100001011000;000000100000100000;000100000001010000;100001000000010000
011101001011101001;000110011101101101;010001110110000011;011011111100000100;100010001000000000;000001000000010001;010100000011110001;100100010000001000;100001110000010001;101001010011100010;010101000000010011;100000101000000000;000011000000000001;100000001000110010;110100101100000010;000000010111001010;000000010101011010;010111000000001001;110000101000000001;000000001100000000;001010101000000100;001000001001110000;001000000100000000;000000010010100001;000000110010000010
111110111100100001;011111011101000101;111010111110101010;100000100000000010;001000010000001001;000100000001010010;001001001000000000;111101110100001101;101001001000000110;001000110000010110;001000110000110001;100100001000000000;000000001000000010;000000101010111000;000000010100000101;100000000000010001;000000001001100010;001000010101001010;010110001110001000;111000010100100101;000011001010100100;100100101000000110;011010000000000010;101000000000000001;000000100000000010
110100011011110001;100011110111100111;000001011111111101;011001001000010001;000011011111011101;000000001000000010;000000011010000001;000100011100000011;000001101001000010;001001000100100001;111001011100000011;000011010000010001;001100111000100000;100100101100000000;100100000010010001;000010110101000000;010000010100011001;000010000001101000;011100001000111001;001110101000001010;100010001000110000;000111001010100110;000000001000000100;100000001000001000;000001010111000001
101010111111010101;000001101100000111;111010011010011101;000000100000001001;010111011110011100;100000010000000001;111001100110000011;100010000000000001;101010000000101001;010101010011001001;000000001000010000;000000001000000001;010001110000110010;000000000000000011;101001000000000101;100100010000001001;001100101000001000;000000001000000001;100000001000000010;100000110000001010;000100101101101000;100000101100000100;100110000110010100;101000101100000010;101100101000001000
100010101101011001;110010110011101111;110111001000000001;000100001000000101;010100001001111101;000100000010000011;000111000100011111;110001111010000011;000100011100100011;000000011000011110;000001000000000001;011100111000000101;010001001000011011;000000001100000011;000000101000000000;110000010000000000;100100100011010001;111101001100000001;111000101000010001;110000101100000001;100010100001100101;001000110001110011;100000100010000011;000000001000000001;111010110000001001
101000001101101111;100010101010000111;010101011110011101;001111010011111111;011011111110001101;101000000000000001;000100001000010001;110100111000000001;111010000001000101;010000000000000001;001000001010011001;001000101001100110;010100011001001001;001001001000000001;100000000000000001;000000001010011000;000000000000100010;000000000000100001;001001111011100110;000000001000000001;100100001001001000;100001001010001000;100000011100000010;000100101000000010;110010000100001001
110100101101101101;010111111111100001;111001001101101101;100111101001101101;010001001000010101;100011001101000000;100010001110110111;000110111000100001;110100111000010101;110100111000000101;010000111000000101;010001001000010111;001001101001110101;101000011001101001;101111010001001010;110001101100010001;110100001100000001;011001100001101011;000110011101000001;100101001101100001;100010001000010010;010000111000010001;011100111000010001;010000101010110001;010000011100110001
