# time;Intens
5.123963356018066406e-01;-4.420722234499407932e-06
6.747772693634033203e-01;9.097228030441328883e-06
8.236486911773681641e-01;8.943456123233772814e-06
8.874635696411132812e-01;7.014320090092951432e-06
8.935310840606689453e-01;-7.384327545878477395e-06
8.998308181762695312e-01;2.191470684920204803e-06
1.012161731719970703e+00;-5.553044502448756248e-06
1.018092870712280273e+00;-7.258513051056070253e-06
1.043112754821777344e+00;8.733766662771813571e-06
1.088799715042114258e+00;2.869467834898387082e-06
1.139813899993896484e+00;1.555413064124877565e-06
1.172091007232666016e+00;8.454180715489201248e-06
1.235655307769775391e+00;-6.957959612918784842e-06
1.281106948852539062e+00;8.859581612341571599e-06
1.330190658569335938e+00;-6.056294751033419743e-06
1.376820087432861328e+00;8.607956260675564408e-06
1.443799495697021484e+00;9.250999028154183179e-06
1.495562553405761719e+00;-6.853113063698401675e-06
1.533892393112182617e+00;-7.048823590594111010e-06
1.569426059722900391e+00;8.510099178238306195e-06
1.633608579635620117e+00;-6.971938091737683862e-06
1.668310880661010742e+00;8.489130777888931334e-06
1.739652156829833984e+00;4.742686542158480734e-06
1.799247264862060547e+00;3.694243105201167054e-06
1.839022874832153320e+00;1.737145566949038766e-06
1.883717536926269531e+00;8.656880709168035537e-06
1.924637556076049805e+00;-6.929998562554828823e-06
1.990616321563720703e+00;-2.540510649851057678e-06
2.059294700622558594e+00;2.331263658561510965e-06
2.098375797271728516e+00;-6.812664992139616515e-07
2.143108129501342773e+00;9.230031537299510092e-06
2.221183538436889648e+00;-6.783216576877748594e-06
2.326080083847045898e+00;6.455148195527726784e-06
2.360567569732666016e+00;7.818127414793707430e-06
2.394728660583496094e+00;-6.971938091737683862e-06
2.427165269851684570e+00;-6.650416707998374477e-06
2.501476049423217773e+00;8.545049240638036281e-06
2.564820766448974609e+00;8.635913218313362449e-06
2.622135877609252930e+00;9.195085112878587097e-06
2.657349586486816406e+00;-1.464106276216625702e-06
2.698535203933715820e+00;4.281371730030514300e-06
2.744355201721191406e+00;8.503109711455181241e-06
2.778406381607055664e+00;7.943937816889956594e-06
2.816399574279785156e+00;-2.065213720925385132e-06
2.882601976394653320e+00;7.915980859252158552e-06
2.926961183547973633e+00;4.840543624595738947e-06
2.957356691360473633e+00;-1.135595539381029084e-06
2.988726615905761719e+00;1.854482860608186456e-07
3.020102024078369141e+00;-6.293944807111984119e-06
3.067398548126220703e+00;8.076742233242839575e-06
3.127688407897949219e+00;-6.328891231532907113e-06
3.179125308990478516e+00;7.629406354681123048e-06
3.218455791473388672e+00;5.050233085057698190e-06
3.250641345977783203e+00;-5.007851086702430621e-06
3.281014919281005859e+00;7.580477358715143055e-06
3.319882869720458984e+00;-3.807128337030007970e-07
3.378395080566406250e+00;7.433694918290711939e-06
3.427857160568237305e+00;-6.056294751033419743e-06
3.466444015502929688e+00;4.875490049016661942e-06
3.515191078186035156e+00;-5.406258424045518041e-06
3.559437513351440430e+00;6.224491244211094454e-06
3.597006082534790039e+00;-8.140702334458183032e-07
3.632741212844848633e+00;-5.965430318610742688e-06
3.667046785354614258e+00;7.713280865573324263e-06
3.732290744781494141e+00;-2.428674633847549558e-06
3.767946243286132812e+00;6.790652150812093168e-06
3.827918291091918945e+00;4.999805014449520968e-07
3.864324331283569336e+00;7.461655968654667959e-06
3.931594848632812500e+00;-5.608958417724352330e-06
3.977053165435791016e+00;6.455148195527726784e-06
4.028656005859375000e+00;-5.455186965264147148e-06
4.070435523986816406e+00;6.238469723029993474e-06
4.128033161163330078e+00;1.155517992401655647e-07
4.168254852294921875e+00;3.435624876146903262e-06
4.226202011108398438e+00;-1.666806497269135434e-06
4.286682128906250000e+00;3.044207005586940795e-06
4.322920799255371094e+00;-1.415181486663641408e-06
4.381688117980957031e+00;3.086146534769795835e-06
4.423181533813476562e+00;8.510099178238306195e-06
4.458818435668945312e+00;7.091206043696729466e-06
4.493379592895507812e+00;-6.119201771070947871e-06
4.531346321105957031e+00;-1.058709813150926493e-06
4.593461513519287109e+00;-6.622455657634418458e-06
4.628314018249511719e+00;-4.469651230465387926e-06
4.666043281555175781e+00;3.449607447691960260e-06
4.729529380798339844e+00;-5.511104973265901208e-06
4.767739295959472656e+00;4.651822109735803679e-06
4.821060180664062500e+00;-4.057261321577243507e-06
4.887800693511962891e+00;-2.044246002697036602e-06
4.933761596679687500e+00;2.547942358432919718e-06
4.966573715209960938e+00;5.071201030659722164e-06
5.039803028106689453e+00;8.433213224634528160e-06
5.083234786987304688e+00;2.016731514231651090e-06
5.118573188781738281e+00;-8.714840049606209504e-08
5.178921699523925781e+00;2.666767613845877349e-06
5.218807220458984375e+00;2.623340265017759521e-07
5.270990371704101562e+00;1.695206037766183726e-06
5.320683479309082031e+00;9.278960533265490085e-06
5.354225158691406250e+00;-3.239475290683913045e-06
5.389563083648681641e+00;-6.657405720034148544e-06
5.420313358306884766e+00;-3.085703838223707862e-06
5.474688529968261719e+00;3.715210823429515585e-06
5.523671150207519531e+00;-2.757189349722466432e-06
5.565547466278076172e+00;1.205934609060932416e-06
5.617568016052246094e+00;6.196530193847138435e-06
5.667348861694335938e+00;1.059152396010176744e-06
5.718943119049072266e+00;6.895495062053669244e-06
5.783961296081542969e+00;1.583374000801995862e-06
5.831551551818847656e+00;1.352716822111688089e-06
5.871616840362548828e+00;6.747196721335058101e-07
5.929930686950683594e+00;-7.531109986302908510e-06
5.966509819030761719e+00;2.413623008123977343e-07
6.043845176696777344e+00;6.469126674346625805e-06
6.085175514221191406e+00;-6.043807729838590603e-07
6.124290466308593750e+00;2.044688471869449131e-06
6.177211284637451172e+00;3.253896466048900038e-06
6.222634792327880859e+00;7.657366950297728181e-06
6.259164810180664062e+00;8.258474736067000777e-06
6.304380416870117188e+00;4.512029136094497517e-06
6.351923942565917969e+00;-6.804188160458579659e-06
6.404726028442382812e+00;2.093617240461753681e-06
6.482390880584716797e+00;1.226902327289280947e-06
6.560546875000000000e+00;9.034320100909098983e-06
6.599268913269042969e+00;9.027331543620675802e-06
6.636711120605468750e+00;6.958402082091197371e-06
6.666604995727539062e+00;3.281853423686698079e-06
6.717441082000732422e+00;-4.855595534536405466e-07
6.774433135986328125e+00;2.310295940333162434e-06
6.820015907287597656e+00;9.195085112878587097e-06
6.862254142761230469e+00;7.922970326035283506e-06
6.894182205200195312e+00;-1.058709813150926493e-06
6.927221775054931641e+00;6.804630629630992189e-06
6.977287292480468750e+00;-7.162167321439483203e-07
7.015285968780517578e+00;3.910921805072575808e-06
7.100893020629882812e+00;8.796673682809341699e-06
7.171024799346923828e+00;4.650302400932559976e-07
7.229398250579833984e+00;4.720234585420257645e-07
7.265127182006835938e+00;4.580410006838064874e-07
7.330128192901611328e+00;6.734734142810339108e-06
7.382997512817382812e+00;9.612948588255676441e-07
7.422056198120117188e+00;7.140130492189200595e-06
7.455126762390136719e+00;3.980818291893228889e-06
7.490636825561523438e+00;-6.825155651313252747e-06
7.524807929992675781e+00;5.113136467116419226e-06
7.581172943115234375e+00;-2.058224481515935622e-06
7.619230270385742188e+00;5.371754923544358462e-06
7.679075717926025391e+00;-3.036775069631403312e-06
7.729964256286621094e+00;-7.146677489799913019e-06
7.770085334777832031e+00;-3.141617980872979388e-06
7.822147846221923828e+00;5.742204848502296954e-06
7.880380630493164062e+00;-2.673314156709238887e-06
7.937550544738769531e+00;8.265463293355423957e-06
7.970493316650390625e+00;-3.602936203606077470e-06
8.019512176513671875e+00;9.083249096875078976e-06
8.057806015014648438e+00;8.768716725171543658e-06
8.098069190979003906e+00;9.146156116912607104e-06
8.136941909790039062e+00;8.461173820251133293e-06
8.173930168151855469e+00;-7.441737466251652222e-07
8.220862388610839844e+00;3.211956936866044998e-06
8.280925750732421875e+00;-1.065699166247213725e-06
8.323831558227539062e+00;1.527456106487079524e-06
8.360428810119628906e+00;8.181588782463222742e-06
8.409543991088867188e+00;-6.608477178815519437e-06
8.447398185729980469e+00;-6.783216576877748594e-06
8.494778633117675781e+00;5.637361937260720879e-06
8.536623001098632812e+00;8.894531674741301686e-06
8.568354606628417969e+00;-1.708745912765152752e-06
8.627218246459960938e+00;-7.307442047022050247e-06
8.664829254150390625e+00;-2.820096369759994559e-06
8.769553184509277344e+00;-5.294426500768167898e-06
8.835790634155273438e+00;8.440202691417653114e-06
8.884043693542480469e+00;-5.413251528807450086e-06
8.922520637512207031e+00;2.478045871612266637e-06
8.951702117919921875e+00;-7.301952678062662017e-07
8.984031677246093750e+00;-5.567022981267655268e-06
9.020381927490234375e+00;7.615427421114873141e-06
9.070852279663085938e+00;-5.189583589526591823e-06
9.123899459838867188e+00;7.748230927973054349e-06
9.170109748840332031e+00;-5.839615823788335547e-06
9.225691795349121094e+00;-6.384809239534661174e-06
9.257394790649414062e+00;9.223042070516385138e-06
9.295072555541992188e+00;7.706291398790199310e-06
9.335295677185058594e+00;9.292938557337038219e-06
9.367236137390136719e+00;-5.776712441729614511e-06
9.414610862731933594e+00;7.258955974975833669e-06
9.475642204284667969e+00;-7.300452580238925293e-06
9.517228126525878906e+00;9.237021004082635045e-06
9.546713829040527344e+00;-7.566056410723831505e-06
9.577114105224609375e+00;-7.118720077414764091e-06
9.635996818542480469e+00;9.230031537299510092e-06
9.669338226318359375e+00;-6.203076736710499972e-06
9.747850418090820312e+00;-7.174638085416518152e-06
9.782995223999023438e+00;-6.881073659315006807e-06
9.817137718200683594e+00;9.076259630091954023e-06
9.855112075805664062e+00;8.223523764172568917e-06
