# 0;1;2;3;4;5;6;7;8;9;10;
4.696781765964136213e+00;1.589207701005364015e-01;1.510274444410288552e+01;-1.531313536295195066e+00;-3.284923858137927866e+00;9.491135085547961481e-01;-1.461115606258746258e+00;6.560876712626131813e+00;-5.946260581553728386e-01;-3.914732480695994887e-01
-4.598266762544901631e+00;-4.535980793262062605e+00;-8.006136781086780729e+00;-4.298595684203000644e+00;-4.324038971080906180e+00;4.640153751886189504e+00;-4.819879222705565347e+00;6.516806515172009817e+00;-3.914732480695994887e-01;nan
5.319708821855095859e-01;2.735356444823405564e+00;3.156273330777975783e+00;-1.709396426425525206e+01;-2.890978449153661423e+00;2.341833459148814356e+01;-9.462309645344796349e-01;-5.946260004461150217e-01;1.853353943783602631e+00;nan
-1.091211725990178252e+02;8.816271163931075350e+00;-4.094460235331896847e+00;4.006017312923571438e+00;-4.987732012793553993e-02;-1.519835520946081253e+01;5.170335635952388209e+00;-3.693930979292450623e+00;nan;nan
1.916028009374497287e+01;5.022886057556132045e+00;3.396163101681971552e-01;1.318559331133458556e+01;7.782827424595817334e-01;-2.945900763925715982e+00;-2.008567209595962577e+00;1.853356561251146672e+00;nan;nan
1.550682689649130630e+01;1.836987342269364998e+00;-9.315148110718204366e-01;2.773620809451505131e+00;4.799460734872082135e+00;1.942984196776421202e+00;6.560878330449859241e+00;1.087393508635454431e+01;nan;nan
-4.744550682303275835e+01;-6.090275123970592119e-01;-3.704360255819023617e+00;1.419897195987084082e+00;-6.076900228740814036e+00;-4.751355058046747182e+00;-4.756031441068921062e+00;-3.914732364014645860e-01;nan;nan
3.674353125173615098e+01;1.196481979539135843e+01;-1.489526998433298033e+01;9.512237880184333250e+00;3.378008513234123988e+00;1.759949370938365565e+00;-3.693928323160467819e+00;nan;nan;nan
-1.087194031130377603e+01;5.193294197195246653e+00;-4.062716698933603254e+01;-4.189866003403619921e+00;-1.507288701961871258e+00;3.684255062279736315e+00;-5.947145528887327615e-01;nan;nan;nan
-4.036061649199188750e+00;2.745466250004367836e+00;-8.438964556784704030e+00;1.179740952359001893e+00;-8.066082197826080602e+00;-6.855109745244936548e+00;1.087393958650522485e+01;nan;nan;nan
1.730913977740234699e+00;1.262509332311042698e+01;5.849671340180879042e+01;-3.128072599315006030e+00;4.640153751886189504e+00;-3.693928199905745835e+00;2.200430298344396007e+01;nan;nan;nan
2.824260940644457918e+01;-1.251193311926195317e+00;1.009254316548738295e+01;3.566692480999837045e+00;9.758832105162873916e+00;7.608435912443574978e+00;-3.914732364014645860e-01;nan;nan;nan
1.002511704684727079e+01;-2.378319224803749243e+00;5.506145199061794671e+00;3.676025994912256234e+00;1.419897195885220675e+00;-2.008567209595948366e+00;1.188939598001771003e+01;nan;nan;nan
-7.044525024054399864e+02;-7.749428804645514646e+00;1.279619042452471434e-01;1.269262738973006854e+01;7.608435912443688665e+00;2.414550238321008457e+00;6.516806516219747714e+00;nan;nan;nan
3.339127385340247001e-01;-2.303715839779596042e+00;-1.877420320248195651e+01;1.495918020735616860e+00;1.368808767821674044e+00;9.873477375736342765e+00;1.853440484590990422e+00;nan;nan;nan
8.247659359763910292e-01;-4.235561438217564367e-01;-2.262922118532297411e+00;7.905770872262643856e+00;-5.933441175957519853e+00;2.044465799083818780e+01;nan;nan;nan;nan
-2.298527593783330492e-01;8.187270265179442674e+00;2.746754752085027285e+00;-6.635833647902382282e+00;-5.313987621994460397e+01;1.853440484591015291e+00;nan;nan;nan;nan
5.604811929744649035e+00;1.652236835513927637e+00;-8.036912860543725667e-01;-2.124347869649922771e+01;-1.044459827649175249e-01;1.188939598004681386e+01;nan;nan;nan;nan
-9.046653133172920747e+00;1.908079318114511835e+01;9.711016100350514080e+01;1.719214709678067265e+01;-2.196625556419265823e+00;6.877476297564581564e+00;nan;nan;nan;nan
5.479707951397292831e+00;1.084121100754926559e+01;-2.218174260512047624e+02;-1.531485689782948789e+01;3.643118267380180408e-01;-1.507990606258746258e+00;nan;nan;nan;nan
-7.637178197699668658e+01;2.062238451655117544e+00;-1.743454170402713332e+00;-1.513004025347667536e+00;2.854249339898528248e+01;6.560877950408403159e+00;nan;nan;nan;nan
-1.105430529640723947e+01;-1.295997244243929369e+00;-7.311592834611881919e+00;6.069111213423332707e-01;-6.379773056994480385e+00;1.087393958650522485e+01;nan;nan;nan;nan
-1.307374816003101259e+01;-1.162750954082303556e+00;2.997025064532145233e+00;9.873477379282068256e+00;-1.357615793382920089e+01;2.200430298333250434e+01;nan;nan;nan;nan
-3.400348749130465809e+00;4.331709874990126719e-01;3.323206831703352737e+00;2.172308440299174137e+01;-2.610864452756809673e+00;-4.819879222705487187e+00;nan;nan;nan;nan
2.987874093397300701e+00;4.533209321250716073e+01;-4.298595550092549900e+00;-8.373197420210006570e+00;-4.756118940092172842e+00;-4.756012128568735342e+00;nan;nan;nan;nan
-4.531562525817969811e-01;9.487493796845447580e-01;9.222484999044379350e+00;-2.086145992851371922e+00;2.769462065309705956e+00;-3.914732377004827013e-01;nan;nan;nan;nan
7.672997441534815444e+00;-1.770595350924614397e+00;1.838822075027376934e+00;4.175207354553441519e+01;-4.819879148199681218e+00;5.170341821796928805e+00;nan;nan;nan;nan
-3.888804198820497326e+00;-1.603180125576174575e+01;-9.657345708639065052e+00;-1.837024622881352087e+01;-4.100548719005174814e-01;-9.462309645344796349e-01;nan;nan;nan;nan
4.496125892340960384e+00;-4.025933068758367028e+01;6.788078966954651072e+00;3.442148488187867006e+00;1.845371300913580370e+00;6.509169492293966464e+00;nan;nan;nan;nan
3.696028613857105238e+00;7.639895130814101876e+00;4.364636464512138048e+00;-3.839067278497557911e+00;9.491135082322570415e-01;-5.947143848723195347e-01;nan;nan;nan;nan
-3.008758138906608703e+00;-1.767396335799694995e+01;7.943809995792000223e+01;2.507378374787252007e+00;-1.519835520946080187e+01;-5.313987621994456134e+01;nan;nan;nan;nan
-2.859292192066906324e+00;3.768396231293309917e+00;1.480583242399932153e+01;9.222484991437365665e+00;2.522403801652752975e+01;nan;nan;nan;nan;nan
7.241972012870596132e+01;-5.977630300835700128e-01;-8.909128859313443227e-01;1.840559550474531036e+01;-2.068862276841490910e+01;nan;nan;nan;nan;nan
2.063381579542022504e+00;1.262241196226449347e+01;9.174145673336180806e+00;-8.631142555180364440e+00;-2.945900763929353960e+00;nan;nan;nan;nan;nan
3.177126275260123478e+01;2.021011406570854874e+00;8.445761911841957570e+00;-5.251538543900158729e+00;1.087393958650520709e+01;nan;nan;nan;nan;nan
5.581524646167702386e+00;-4.743023936397995044e+01;7.153292760434382558e+00;2.002539985178382609e-01;-6.779593239839156738e+00;nan;nan;nan;nan;nan
8.159790866134969178e+00;7.576594824264475392e+01;1.868420100670680029e+01;-4.293641875675086794e+01;-3.693928070451907963e+00;nan;nan;nan;nan;nan
-1.510040901901888777e+00;-3.969081694896938739e+00;-3.429019424660648685e-01;-1.040077402142764385e+01;9.222484991437362112e+00;nan;nan;nan;nan;nan
-7.708677398721029972e-01;6.802066778615831311e+00;1.585640389300834396e+00;2.854249339086804227e+01;1.942983243102104796e+00;nan;nan;nan;nan;nan
-1.613636506034285212e+00;-1.835919315445857336e+01;1.273531518513254923e+01;1.812258740536456614e+01;1.188939607451057157e+01;nan;nan;nan;nan;nan
3.273299356278338337e+02;-6.661711942157168664e+00;8.646879957849353815e-01;2.341745288150580606e+01;6.509167704154623202e+00;nan;nan;nan;nan;nan
-8.013633773739984534e+00;2.374568307818820223e+00;-1.860620016787752462e+00;-8.066082197826087707e+00;-6.635833647902382282e+00;nan;nan;nan;nan;nan
4.235525141798036941e+01;-7.863586296975182827e-03;1.980156603111630442e+00;-1.829857402032484259e+01;6.877475181141645244e+00;nan;nan;nan;nan;nan
-1.296342515334824252e+00;4.024899343788648665e+00;1.087394071288373709e+01;4.327902662223137042e+01;9.873477379282064703e+00;nan;nan;nan;nan;nan
-1.216147124122415546e+00;-3.181989134962744714e+00;2.741126918471034202e+01;-2.300407668018623752e+01;8.480924379985571804e+00;nan;nan;nan;nan;nan
-5.814562737886055377e-01;-1.292855335433433783e+00;4.650697223794133528e+00;7.661161588763710562e+00;-9.210207144819556602e-01;nan;nan;nan;nan;nan
-2.094604968810626744e+00;-5.254238822841666989e-01;-2.350584876968015546e+00;5.970665772104353231e-01;-4.482335205775438425e+00;nan;nan;nan;nan;nan
-5.439280585884433972e-01;-4.570508626033616295e+00;-1.100113246928553252e+02;1.551172047042276292e+00;2.054198675821008457e+00;nan;nan;nan;nan;nan
-4.507098685579128983e+01;-2.951096768635298684e+00;-1.108209561654584840e+00;9.491135884787935684e-01;5.170341821850034769e+00;nan;nan;nan;nan;nan
-1.844238629541016650e+01;4.687055150276516713e+01;1.632147754415389329e+01;3.257026861468687029e-01;-3.924574295950139513e-01;nan;nan;nan;nan;nan
4.478959528223226627e+00;-5.880658535236380047e+00;1.586688235183535234e+01;6.470999489839373453e+00;2.341745289862786805e+01;nan;nan;nan;nan;nan
2.280317623657447612e+00;3.890028866417986730e+00;-3.444526531604444664e+00;3.684772905326274106e+00;-6.855109745249427178e+00;nan;nan;nan;nan;nan
-5.688266190634938368e+01;-1.131809166484815388e-01;8.998758335392331276e+00;-3.093485141330488464e+00;3.684772907433544908e+00;nan;nan;nan;nan;nan
-3.628632850012489364e+00;2.545827417488786715e+00;6.470998165054838935e+00;-3.067411100328088391e+00;-5.947143848723221993e-01;nan;nan;nan;nan;nan
-6.011109484198082775e+00;-1.134973712301021820e+01;6.069111213423319384e-01;1.942983243102190061e+00;3.009683813094446325e+00;nan;nan;nan;nan;nan
-2.863808760599390979e+01;6.176059238957849473e-01;-6.523321640414199152e+00;-2.101936871845436094e+00;-4.632862669178021142e-01;nan;nan;nan;nan;nan
3.657989667156276159e-01;-6.368476187566526336e-01;-4.849176559563145972e+00;3.458680777333245082e+00;1.759949370967469395e+00;nan;nan;nan;nan;nan
-1.344747587946634404e+00;-2.308035080688282292e+01;-1.040077416040843872e+01;1.000228422826021273e+02;-2.008567209595946590e+00;nan;nan;nan;nan;nan
-3.275399818391834827e+01;2.663436309533716084e+01;-7.027967365295826774e+00;1.426666002018815327e+00;2.044438273658861505e+01;nan;nan;nan;nan;nan
1.157357433945278125e+00;2.086769904549329979e+00;3.475799106923888360e+01;-8.690548778616828951e-01;2.200430298333312962e+01;nan;nan;nan;nan;nan
7.044271580166107327e+00;1.227452811510168385e+00;-4.100661210104995291e+00;-4.819880926094476159e+00;-4.751356005783882175e+00;nan;nan;nan;nan;nan
-1.340997607332611352e+01;1.288416120937233289e-01;-4.845189104848445893e+00;-6.855149918780005791e+00;4.813780767454963971e+00;nan;nan;nan;nan;nan
-4.213210822475858208e+00;-1.018696992565435622e+01;-2.101930196125221251e+00;-2.068862276842218506e+01;nan;nan;nan;nan;nan;nan
2.385097960061674183e+00;1.539298505133046557e+00;5.905191619982704054e+01;-2.946144904554353960e+00;nan;nan;nan;nan;nan;nan
-1.141019402030410690e-01;1.527977267396853467e+00;5.290098560790207571e+00;-4.227603966581917838e+00;nan;nan;nan;nan;nan;nan
1.029971605567060466e-01;-2.262922118532245896e+00;-4.796226972288831547e+00;-6.780223804066478621e+00;nan;nan;nan;nan;nan;nan
-6.086752621239081007e-01;7.967815318317192919e+00;-2.882012195958155942e+00;-3.722385880825612503e+02;nan;nan;nan;nan;nan;nan
1.456543096212546118e+01;4.133445947091664863e+01;1.120583817502596835e+00;-5.933441175957519853e+00;nan;nan;nan;nan;nan;nan
1.725542034223874310e+00;-2.305390911733868009e+00;-2.700615417560342735e+01;1.759949370919323020e+00;nan;nan;nan;nan;nan;nan
1.683075348718622077e+00;-5.088079305257267926e+00;-5.965939242042126978e+01;3.071424977701355363e+00;nan;nan;nan;nan;nan;nan
-8.909116916047298274e-01;-1.222013281019683067e-01;1.065355731864247701e+01;3.643120600590356584e-01;nan;nan;nan;nan;nan;nan
-3.138355634984498765e-01;-5.127911960623372956e+00;5.970665772044081443e-01;5.170324116942230042e+00;nan;nan;nan;nan;nan;nan
1.367834523508430777e+01;4.327902662236326137e+01;-1.819613395511514042e+01;-8.036912860543725667e-01;nan;nan;nan;nan;nan;nan
-6.509046619832723479e+00;-9.920815568628681191e+00;-5.674185428940208276e+00;8.775712281807866333e+00;nan;nan;nan;nan;nan;nan
2.842796041994569123e+01;-2.983788197551807908e+00;1.917903869279146356e+00;8.897902613649741888e-01;nan;nan;nan;nan;nan;nan
-2.127650117081107339e+01;-9.090738975684672596e+00;1.141122940404320296e+01;1.057248212838798374e+01;nan;nan;nan;nan;nan;nan
1.540822666265293295e+00;-1.137730119309617827e+01;7.264102717579463686e+00;1.845372381244583693e+00;nan;nan;nan;nan;nan;nan
-5.092811240169157827e+01;1.578491684223535807e-01;-5.167494588946023093e+00;7.594275756193688665e+00;nan;nan;nan;nan;nan;nan
2.857311473195952800e+00;-1.427840517748783356e+01;4.067274256110665398e+00;4.750500041308736598e+00;nan;nan;nan;nan;nan;nan
2.302851036692302955e+00;1.770135161404224391e+02;-8.631142555180336018e+00;1.491835161380689634e+01;nan;nan;nan;nan;nan;nan
1.084271706650472744e+01;2.341075892752984089e+01;1.233565878257854365e+03;7.782827424078897494e-01;nan;nan;nan;nan;nan;nan
2.696389742484403484e+01;3.337221823129038256e+00;9.512237880184333250e+00;4.392975339085259279e+00;nan;nan;nan;nan;nan;nan
-8.624934149558528551e-01;-9.974591296428121368e+00;3.071424977620296648e+00;-4.632862681001452265e-01;nan;nan;nan;nan;nan;nan
2.956093556741263395e+00;-2.066902643458879307e+00;2.341744228165792308e+01;8.480924379985571804e+00;nan;nan;nan;nan;nan;nan
2.063525654518359786e+01;2.448045164856939238e+01;-3.924574166290940580e-01;-4.317691778629548338e+00;nan;nan;nan;nan;nan;nan
1.969171741788602548e+00;4.889522921996341864e+00;1.269577326894472336e+01;6.877475181143009486e+00;nan;nan;nan;nan;nan;nan
-3.116412868361393418e+00;-1.088891010336478260e+01;-4.199875769028619921e+00;-1.507288707433430464e+00;nan;nan;nan;nan;nan;nan
-3.184647635691003842e+00;-1.671851955833160375e+00;1.559780873357383912e+00;-6.192273056994480385e+00;nan;nan;nan;nan;nan;nan
-3.841878036814514008e+00;1.371202334039099213e+01;3.754343643517997764e-01;-2.196625556419265823e+00;nan;nan;nan;nan;nan;nan
3.715237388340532476e+01;1.632147754417026420e+01;1.491428395442884458e+01;-1.357615793390923642e+01;nan;nan;nan;nan;nan;nan
-1.521737719555890100e+00;1.980335993884984047e+00;-5.565615498910153391e+00;-4.619848172140355036e-01;nan;nan;nan;nan;nan;nan
2.949929946661113433e+01;-3.162692252945231708e+00;1.235307783335773402e-01;-2.684082857927821308e+00;nan;nan;nan;nan;nan;nan
1.038658844010997129e+01;-1.024515461340725508e+01;-4.632862681000315397e-01;-3.643339681133430652e+00;nan;nan;nan;nan;nan;nan
3.373428888711767826e+00;2.995751814727797502e+00;7.661161588792814392e+00;-3.924574166291295851e-01;nan;nan;nan;nan;nan;nan
-4.840352647784001761e+02;-1.531314505053824826e+00;4.281956906036725741e+00;-2.610864452698602012e+00;nan;nan;nan;nan;nan;nan
1.540546001309206758e+01;2.213358786678741197e+00;-1.835919315445851652e+01;-4.100392182306833444e-01;nan;nan;nan;nan;nan;nan
1.943945052660221506e+01;1.639035849944764678e+01;6.813391020094744732e+00;2.049840170344223367e+01;nan;nan;nan;nan;nan;nan
-2.692961160053845333e+02;-1.940568480041919486e+01;-5.047004384080260309e+01;1.483562378845852834e+02;nan;nan;nan;nan;nan;nan
2.409208550885477695e+00;-5.016848072896511468e-01;-3.641607808574836902e+00;-5.313987632949142181e+01;nan;nan;nan;nan;nan;nan
-1.885448588274356130e+00;-1.662624623749726194e+00;-2.511946993877469225e+01;9.758832105162873916e+00;nan;nan;nan;nan;nan;nan
1.550966603098969721e+00;-5.347890269552003417e+00;-8.082842867088616545e-01;-4.751356005783768488e+00;nan;nan;nan;nan;nan;nan
1.814444245318207249e+00;2.748577531708819066e+01;3.929866115278266570e+00;2.769462064844044669e+00;nan;nan;nan;nan;nan;nan
1.617987760304306910e+00;-2.006823145783357965e-01;3.315778750004362951e+00;1.368808767938089366e+00;nan;nan;nan;nan;nan;nan
-3.345803220683364998e+00;4.970998158117024168e+00;-8.373991469999085169e+00;-2.008567301796881477e+00;nan;nan;nan;nan;nan;nan
-2.241048739510237908e+01;-1.102686038381504474e+01;4.006017312909019523e+00;6.509162724372816733e+00;nan;nan;nan;nan;nan;nan
6.915398350402527150e+00;-4.720154120448959212e+00;5.170324105224300304e+00;-1.519835520934438655e+01;nan;nan;nan;nan;nan;nan
1.750407668022357655e+01;2.851103726017663487e+00;5.855149918761588523e+00;2.522403801668805556e+01;nan;nan;nan;nan;nan;nan
-7.129760969611642629e+00;-1.507847288217134540e+00;1.392519552807744176e+01;3.009187722020718159e+00;nan;nan;nan;nan;nan;nan
-6.420615171784497477e+00;3.326819737693949453e+00;4.799464499300786891e+00;2.054198675821022668e+00;nan;nan;nan;nan;nan;nan
-2.026291376087244078e+00;-1.623780761440678067e+00;1.057278730416923374e+01;-3.284923858139746855e+00;nan;nan;nan;nan;nan;nan
-1.575294961027923213e+00;1.542214744481086441e+01;3.567052888116439391e+00;-4.804198302425120859e-02;nan;nan;nan;nan;nan;nan
1.325448877208510012e+01;4.133141163209383961e+00;8.775711614980902908e+00;-5.947143699711610054e-01;nan;nan;nan;nan;nan;nan
-6.784863727259814681e+00;-3.387308074491863294e+02;-6.076900227175122460e+00;5.409567189857737990e-01;nan;nan;nan;nan;nan;nan
-1.300290201661682632e+00;7.854019521435385842e-01;7.485605357366752344e+01;4.813780767746002276e+00;nan;nan;nan;nan;nan;nan
2.507378374792012643e+00;9.892228652780918896e-01;-2.182143215312691564e-02;-1.044459827649173028e-01;nan;nan;nan;nan;nan;nan
1.829686804639629183e-01;1.778933909846987405e+01;2.696838161538322254e+01;4.799460734872536882e+00;nan;nan;nan;nan;nan;nan
-2.876306574846656527e+00;-3.883600716660584151e+00;-4.497843628161896312e+00;-4.482335205772255193e+00;nan;nan;nan;nan;nan;nan
5.985284253918791819e+00;-1.308219983894782246e+01;2.390298845561504848e+01;1.337796889895652486e+00;nan;nan;nan;nan;nan;nan
-1.103353222142932921e+01;-3.705346823215141860e+00;-4.751279711838455988e+00;2.276797485833312962e+01;nan;nan;nan;nan;nan;nan
-7.272886057555997041e+00;-1.157899909307390551e+01;1.861303445736279372e+00;4.650726887349457606e+00;nan;nan;nan;nan;nan;nan
-1.579752105620204627e+00;-1.840572039203051125e+00;-3.839067142081992845e+00;-6.076900227175118907e+00;nan;nan;nan;nan;nan;nan
6.315673759729738990e+00;2.020288798985545586e+00;7.844578248333048620e+00;1.188939607451682434e+01;nan;nan;nan;nan;nan;nan
-4.881770887232950606e+00;-3.835513419226417753e+00;-2.684082865378401905e+00;1.087393958650503656e+01;nan;nan;nan;nan;nan;nan
-1.395879607306556913e+01;-2.389172718934073814e+01;-7.271793003776405584e+00;-2.890978453018409944e+00;nan;nan;nan;nan;nan;nan
2.259400262257928915e+01;6.098816681610642831e+00;-6.635833647900563292e+00;-7.727304896256000921e-01;nan;nan;nan;nan;nan;nan
-1.192381524015285166e+01;7.661161587177789833e+00;-3.239466149630052527e+00;nan;nan;nan;nan;nan;nan;nan
1.711977226176257583e+00;1.225964232979237734e+00;1.542518720204982330e+01;nan;nan;nan;nan;nan;nan;nan
-3.875330650352566852e+00;4.613428837994744680e-01;-2.983788182417816071e+00;nan;nan;nan;nan;nan;nan;nan
2.099269591362804555e+00;7.782827423733325034e-01;2.769462064840308102e+00;nan;nan;nan;nan;nan;nan;nan
2.738063379304688461e+00;-8.426174159977502853e+00;-1.213271135905094233e+01;nan;nan;nan;nan;nan;nan;nan
-2.314408488005357611e+01;3.720862833979411199e+00;-4.804198302422378608e-02;nan;nan;nan;nan;nan;nan;nan
-2.440853383383647213e+00;1.723107600670680029e+01;1.551172047780785990e+00;nan;nan;nan;nan;nan;nan;nan
-2.857696774893563774e+00;-1.663909773952019888e+00;3.458527102939940256e+00;nan;nan;nan;nan;nan;nan;nan
-8.016875331292812490e+00;1.027912838271018003e+01;7.782827423733289507e-01;nan;nan;nan;nan;nan;nan;nan
-1.988187527959668444e+02;2.341746612351583323e+01;1.942983502246334426e+00;nan;nan;nan;nan;nan;nan;nan
-1.524159407831098747e+02;-2.993126714119309195e+00;-8.223818139174829511e+00;nan;nan;nan;nan;nan;nan;nan
1.580580573318835169e+00;-5.753473405144212016e+00;1.027912838269562812e+01;nan;nan;nan;nan;nan;nan;nan
-1.835880980041919486e+01;7.119084507585222710e+00;9.758832105162873916e+00;nan;nan;nan;nan;nan;nan;nan
-3.269380969553424165e+00;3.684772905326274106e+00;-6.780217327112010750e+00;nan;nan;nan;nan;nan;nan;nan
5.055147113491371869e+01;3.498707889929894463e+02;1.579684776940233126e+00;nan;nan;nan;nan;nan;nan;nan
1.192064740638869580e+01;1.810543319601968548e+01;-9.493966326979686343e+00;nan;nan;nan;nan;nan;nan;nan
1.778940013362612405e+01;4.429479115974094050e+00;4.327902662223138464e+01;nan;nan;nan;nan;nan;nan;nan
-8.460709003890819702e+00;-3.091555349269894037e+01;-8.299302746154900490e+00;nan;nan;nan;nan;nan;nan;nan
-3.243884767507118738e+00;-4.062716700051190344e+01;-9.158512811212290217e+00;nan;nan;nan;nan;nan;nan;nan
-5.265137123828735888e+00;2.157649131084385274e+01;-4.624392430258030817e-01;nan;nan;nan;nan;nan;nan;nan
-1.421172550303090587e-01;7.485606918441102664e+01;1.179740952357182904e+00;nan;nan;nan;nan;nan;nan;nan
6.946802537182479309e-01;-3.579583198302159872e+03;-6.921559398229732984e-01;nan;nan;nan;nan;nan;nan;nan
-1.530391266733706956e+00;-4.094460235331896847e+00;-3.722385880825830782e+02;nan;nan;nan;nan;nan;nan;nan
4.767072663746318995e+00;2.388836578786915688e+00;-5.217329617067399283e+00;nan;nan;nan;nan;nan;nan;nan
2.424844521476238413e+00;-3.717309266929592404e+00;2.049840170344086943e+01;nan;nan;nan;nan;nan;nan;nan
2.735356444823539679e+00;4.391989924933540124e+00;-7.727304896284422631e-01;nan;nan;nan;nan;nan;nan;nan
-9.872502108787024611e+00;-2.124347748758869514e+01;-3.129911100328088391e+00;nan;nan;nan;nan;nan;nan;nan
4.893812158567110160e+00;6.845029711737955935e+00;1.829686760450656702e-01;nan;nan;nan;nan;nan;nan;nan
2.380655005594269458e+00;-7.027967365295855195e+00;2.157940267219960262e+01;nan;nan;nan;nan;nan;nan;nan
-3.675339841723717083e+00;8.998762921941434456e+00;4.813780767746030698e+00;nan;nan;nan;nan;nan;nan;nan
-2.055848396735009853e+00;-7.034402074461713283e+00;3.684772905326274106e+00;nan;nan;nan;nan;nan;nan;nan
1.398921355856409718e+02;1.540545871449006654e+01;-1.157874064733415942e+01;nan;nan;nan;nan;nan;nan;nan
-2.655515603849868178e+00;-2.882012196743959365e+00;4.175207399259790009e+01;nan;nan;nan;nan;nan;nan;nan
-2.678718532328565161e+00;9.290846177379583182e+00;-7.211374402513435200e+00;nan;nan;nan;nan;nan;nan;nan
1.865209395295878370e+00;4.934304174477238902e+00;6.509162725304139308e+00;nan;nan;nan;nan;nan;nan;nan
1.950493131001501013e+00;1.604953510590486943e+01;8.447286629133456515e+00;nan;nan;nan;nan;nan;nan;nan
-1.191167065089623947e+02;1.775165302526249711e+00;2.502906279946581947e+01;nan;nan;nan;nan;nan;nan;nan
1.190974644921409809e+00;-8.986193006506655312e-01;-1.519835520934439010e+01;nan;nan;nan;nan;nan;nan;nan
5.955031229794673919e+00;-6.921559400994596878e-01;3.643120600590374347e-01;nan;nan;nan;nan;nan;nan;nan
3.149324167638000915e+01;-6.636132271842330788e+00;4.750500041308750809e+00;nan;nan;nan;nan;nan;nan;nan
3.704776330322216538e+00;2.657417001001800005e-01;1.050364057731533052e+01;nan;nan;nan;nan;nan;nan;nan
-1.308203552874779518e+01;-1.036592787582001574e+00;1.150166968387804411e+00;nan;nan;nan;nan;nan;nan;nan
-5.107924095417834209e+00;4.525176501102352589e+00;3.442148448766728652e+00;nan;nan;nan;nan;nan;nan;nan
-1.301567284922361400e+00;8.400774161309342958e+00;-1.129278361900993666e+01;nan;nan;nan;nan;nan;nan;nan
2.201685946457675236e+00;-9.493966326977497872e+00;-1.829857402032484259e+01;nan;nan;nan;nan;nan;nan;nan
-1.616772681462662220e+01;-6.190005899360143005e+00;-2.254763630273999286e+00;nan;nan;nan;nan;nan;nan;nan
-1.794626080459873263e+00;7.687324866653320932e+00;1.495919123686662910e+00;nan;nan;nan;nan;nan;nan;nan
-3.129911100319222594e+00;-1.527538269071774266e+02;1.188939607428399370e+01;nan;nan;nan;nan;nan;nan;nan
5.535337882122453834e+01;3.742923445045366893e-01;-3.134190703176814807e+00;nan;nan;nan;nan;nan;nan;nan
5.148267609301997538e+01;-9.656369146139065052e+00;3.020694748065600455e-01;nan;nan;nan;nan;nan;nan;nan
4.797380276956087819e+00;-8.866944732818389241e+00;-9.378111075008842334e+00;nan;nan;nan;nan;nan;nan;nan
2.781491925409168564e-01;-1.003019982224824247e+01;3.158169608840267983e+00;nan;nan;nan;nan;nan;nan;nan
-8.799305845596428810e+00;2.904377741516847244e+00;-2.819947565407052714e+00;nan;nan;nan;nan;nan;nan;nan
3.117660879739883484e+01;2.854249358401447623e+01;-5.970131055356244332e+00;nan;nan;nan;nan;nan;nan;nan
1.994807798603866189e+01;1.331047008479514204e+02;-8.716189725677061517e+00;nan;nan;nan;nan;nan;nan;nan
1.293274617372027535e+01;1.740002515675033834e+00;6.352116399759803578e+00;nan;nan;nan;nan;nan;nan;nan
-3.091555348182547647e+01;-1.902099337974213489e+00;1.725547588633258300e+00;nan;nan;nan;nan;nan;nan;nan
5.852021833271350282e+00;1.130365837787666550e+01;-2.086145992851357711e+00;nan;nan;nan;nan;nan;nan;nan
-1.447088297549967351e+01;-2.771828237740544054e+01;-4.100387413935251413e-01;nan;nan;nan;nan;nan;nan;nan
1.632496684615705718e+01;7.844578248333046844e+00;-2.704284152474959235e+00;nan;nan;nan;nan;nan;nan;nan
1.416701858532270375e+00;-9.803156495406333271e-01;2.054198675948351926e+00;nan;nan;nan;nan;nan;nan;nan
1.335662680657956969e+02;9.222484999043469855e+00;-5.947143699711585629e-01;nan;nan;nan;nan;nan;nan;nan
-1.139731294158563557e+00;-1.067395613602525728e+01;8.480924379982843320e+00;nan;nan;nan;nan;nan;nan;nan
2.160895967074278445e+00;-8.542532990633988632e+00;-4.293641875675089636e+01;nan;nan;nan;nan;nan;nan;nan
5.902193301206933640e+00;1.769290229772751744e+01;2.854249339086690540e+01;nan;nan;nan;nan;nan;nan;nan
-4.700710470042781530e+00;4.339495511039249465e+00;-3.093485141330484911e+00;nan;nan;nan;nan;nan;nan;nan
2.332000721668185061e+00;-4.826206439086611510e+00;5.407504869148509474e-01;nan;nan;nan;nan;nan;nan;nan
8.263789900180499970e+00;7.204532727127402225e+00;1.840559550473803441e+01;nan;nan;nan;nan;nan;nan;nan
3.351628691717708497e-01;-3.129911100328090168e+00;-3.332234887553049418e+01;nan;nan;nan;nan;nan;nan;nan
-1.208950686463381663e+00;3.754343648924943766e-01;-1.131809166484866458e-01;nan;nan;nan;nan;nan;nan;nan
4.885404110804989486e-01;1.160621135393936187e+00;1.759949370920232514e+00;nan;nan;nan;nan;nan;nan;nan
2.917779929590503585e+01;5.255789649176744405e+00;1.812454053036456614e+01;nan;nan;nan;nan;nan;nan;nan
2.191193335126517468e+03;1.079036354300631118e+01;1.719214709236666749e+01;nan;nan;nan;nan;nan;nan;nan
2.976607268429471986e+00;-4.780122996888699127e+00;1.138399028928567702e+01;nan;nan;nan;nan;nan;nan;nan
6.428267752770578269e+00;-3.160613047054113167e+01;2.172308440352521686e+01;nan;nan;nan;nan;nan;nan;nan
8.634235776604818113e+01;2.608569007166832066e+01;3.097235603915176050e+00;nan;nan;nan;nan;nan;nan;nan
-1.049189935462601753e+01;2.502906280009882778e+01;8.897902628147087434e-01;nan;nan;nan;nan;nan;nan;nan
-6.040736779223572483e+01;5.407504869184889262e-01;1.426644225843015867e+00;nan;nan;nan;nan;nan;nan;nan
4.889476589629577319e+00;2.191193335119066887e+03;2.002542369364173624e-01;nan;nan;nan;nan;nan;nan;nan
1.917903869317870935e+00;7.257084960401152252e+00;-2.788284841744450304e+01;nan;nan;nan;nan;nan;nan;nan
-1.552025547323668775e+01;2.280309994262916362e+00;4.392975339470885032e+00;nan;nan;nan;nan;nan;nan;nan
3.445904378541551072e-01;5.604538543810829054e+01;-2.610335401871575645e+00;nan;nan;nan;nan;nan;nan;nan
1.167625101965531209e-01;2.005359145879448413e+00;-4.317691778607720465e+00;nan;nan;nan;nan;nan;nan;nan
-3.987913300398200356e+00;1.491428395442884458e+01;-2.008919799527689065e+00;nan;nan;nan;nan;nan;nan;nan
-5.049298542126131828e+00;-1.905629748565558224e+00;-1.040104313532560454e+01;nan;nan;nan;nan;nan;nan;nan
-7.859668419443935683e+00;-8.082842867088616545e-01;9.487493796845376526e-01;nan;nan;nan;nan;nan;nan;nan
1.347994399457725034e+00;-7.727302512098631615e-01;-1.044120081173953302e-01;nan;nan;nan;nan;nan;nan;nan
-9.521436583517743912e+00;-6.601397305682272076e+01;1.318559331133453583e+01;nan;nan;nan;nan;nan;nan;nan
3.922046310479954112e+00;1.759948990747809194e+00;-2.068909417262283768e+01;nan;nan;nan;nan;nan;nan;nan
1.051833362277532657e+01;3.158169608822532837e+00;-2.300407668018635121e+01;nan;nan;nan;nan;nan;nan;nan
3.316893338046455586e+00;2.767753080465308102e+00;2.286727142815734837e+01;nan;nan;nan;nan;nan;nan;nan
-4.545929767075040928e+00;-4.858028460623072675e+01;7.905770869617833263e+00;nan;nan;nan;nan;nan;nan;nan
-1.676287433662355220e+00;-4.626461435989923654e-01;3.339119146624937029e-01;nan;nan;nan;nan;nan;nan;nan
2.045692772299015361e-01;5.119260204701300276e-01;-8.690548778616826731e-01;nan;nan;nan;nan;nan;nan;nan
-2.663389329660888372e+00;3.323206831761475133e+00;-4.227604942142314748e+00;nan;nan;nan;nan;nan;nan;nan
7.212609627150921021e-01;-4.888416321510504758e+00;1.418156906135060957e+00;nan;nan;nan;nan;nan;nan;nan
3.309554844494699832e+00;-1.505031831574582757e+00;1.337796889895650265e+00;nan;nan;nan;nan;nan;nan;nan
-3.640088219590738916e+00;3.929866115278245253e+00;6.877475341419622801e+00;nan;nan;nan;nan;nan;nan;nan
-6.226662552870550371e+00;-7.493804833244750441e-01;-2.008567560913741001e+00;nan;nan;nan;nan;nan;nan;nan
6.375723884371021555e+00;6.224858300812256218e+00;-4.819880926094490370e+00;nan;nan;nan;nan;nan;nan;nan
5.885963246617730960e+00;3.392047807215996524e+00;3.676025994162377852e+00;nan;nan;nan;nan;nan;nan;nan
-3.792418877517302889e+01;7.515384981642038831e+00;-1.709396855578967589e+01;nan;nan;nan;nan;nan;nan;nan
2.458935744513581323e+00;-7.060042019411016945e+00;-2.124347869644539699e+01;nan;nan;nan;nan;nan;nan;nan
-1.173666090980917787e+01;3.149800241856750915e+01;-2.196328681831032359e+00;nan;nan;nan;nan;nan;nan;nan
7.541662035403853270e-01;9.378512156166969760e+00;-1.513210019000011286e+00;nan;nan;nan;nan;nan;nan;nan
-3.840210468568729496e+00;4.885253907100155502e-01;-1.456485689782948789e+01;nan;nan;nan;nan;nan;nan;nan
8.208095868702633524e+00;1.719214709230845983e+01;-6.560499123870902949e+00;nan;nan;nan;nan;nan;nan;nan
-1.583539438740656102e+01;-4.450521563733706110e+00;-3.284978809927094900e+00;nan;nan;nan;nan;nan;nan;nan
1.498874400879810054e+01;-1.033082490986552493e+01;2.773620807728581106e+00;nan;nan;nan;nan;nan;nan;nan
-2.708223296533219138e+00;7.264102717579392632e+00;3.009187707119556965e+00;nan;nan;nan;nan;nan;nan;nan
-1.134973712301010451e+01;1.559780869669436187e+00;7.402284228260212728e+01;nan;nan;nan;nan;nan;nan;nan
-6.702575487484492278e-01;8.575801866625524239e-01;-5.317548774583036320e+00;nan;nan;nan;nan;nan;nan;nan
-1.840457382246075824e+01;2.773620807997791538e+00;1.483562326989011524e+02;nan;nan;nan;nan;nan;nan;nan
4.702015072698516818e+00;3.004801830411377495e+01;-6.192273497379090941e+00;nan;nan;nan;nan;nan;nan;nan
-2.281497742207036605e+00;3.097235495881757394e+00;1.269262738972978433e+01;nan;nan;nan;nan;nan;nan;nan
-2.881981679165834365e+00;-8.909116938384488149e-01;-2.946144904549579113e+00;nan;nan;nan;nan;nan;nan;nan
-1.439326916036530690e+01;1.313799433005438644e+01;1.368809129919936529e+00;nan;nan;nan;nan;nan;nan;nan
-7.552396862633457886e+00;-8.006136781084961740e+00;7.594275756164584834e+00;nan;nan;nan;nan;nan;nan;nan
3.027286193528934688e-01;-5.970766281970416145e+00;1.218440063081656000e+01;nan;nan;nan;nan;nan;nan;nan
-1.353707631363440633e+01;-6.523321652521392622e+00;-1.507288707432293595e+00;nan;nan;nan;nan;nan;nan;nan
-2.527111059003254723e-01;6.813391020087127714e+00;9.873477379279339772e+00;nan;nan;nan;nan;nan;nan;nan
2.287051773506473396e+01;3.458527102939942477e+00;-8.065972844596924318e+00;nan;nan;nan;nan;nan;nan;nan
-1.644502860452130122e+00;-2.008919798465399253e+00;-5.313987632949142181e+01;nan;nan;nan;nan;nan;nan;nan
-7.857335136501443884e+00;3.475799106923820148e+01;-1.531313536295190625e+00;nan;nan;nan;nan;nan;nan;nan
7.137708295613540699e+00;-1.709437311108201030e+01;2.507378374787522013e+00;nan;nan;nan;nan;nan;nan;nan
2.763836578794881760e+00;3.339119058133553919e-01;nan;nan;nan;nan;nan;nan;nan;nan
1.861303445733742734e+00;-2.630010268852580158e+00;nan;nan;nan;nan;nan;nan;nan;nan
-1.219199438254257650e+01;1.269262738973004012e+01;nan;nan;nan;nan;nan;nan;nan;nan
-2.517201037230879734e+00;2.113802472232230389e+00;nan;nan;nan;nan;nan;nan;nan;nan
-4.235561333884879653e-01;-4.302455307330845358e+00;nan;nan;nan;nan;nan;nan;nan;nan
-2.009038958744099546e+00;-1.568374079178997293e+00;nan;nan;nan;nan;nan;nan;nan;nan
-5.970131055349408911e+00;3.476530505511316704e+00;nan;nan;nan;nan;nan;nan;nan;nan
-5.784702591733723587e+00;4.113908761004239523e+00;nan;nan;nan;nan;nan;nan;nan;nan
-1.038502701931542305e+01;-6.214061140811708128e+00;nan;nan;nan;nan;nan;nan;nan;nan
4.392069565741365977e+00;-5.217304369858730695e+00;nan;nan;nan;nan;nan;nan;nan;nan
-1.228761244815260234e+01;-2.630777594835928213e+00;nan;nan;nan;nan;nan;nan;nan;nan
-3.177990821906553798e+00;1.265278926015566086e+01;nan;nan;nan;nan;nan;nan;nan;nan
-1.770717421237114397e+00;9.597045117356948207e-01;nan;nan;nan;nan;nan;nan;nan;nan
-4.174891875675093900e+01;5.150664599932151866e+00;nan;nan;nan;nan;nan;nan;nan;nan
-9.442547045257947858e+00;9.873477379747303218e+00;nan;nan;nan;nan;nan;nan;nan;nan
-8.415330847369240530e+00;2.390299274714947231e+01;nan;nan;nan;nan;nan;nan;nan;nan
5.682612912142348094e+00;-7.211374402684420204e+00;nan;nan;nan;nan;nan;nan;nan;nan
-5.351396958025322448e+00;1.725547588631709317e+00;nan;nan;nan;nan;nan;nan;nan;nan
4.911876800097909168e+00;1.009254316547283103e+01;nan;nan;nan;nan;nan;nan;nan;nan
-2.597408026637132217e+00;8.646879957849353815e-01;nan;nan;nan;nan;nan;nan;nan;nan
2.773645416101349959e+00;1.555954653077692562e+01;nan;nan;nan;nan;nan;nan;nan;nan
2.638400612400043421e+00;-3.687853912403170398e+00;nan;nan;nan;nan;nan;nan;nan;nan
-5.565616602094513254e+00;5.971286417886640940e-01;nan;nan;nan;nan;nan;nan;nan;nan
-1.267473519446910224e+00;5.502857182543898773e+00;nan;nan;nan;nan;nan;nan;nan;nan
3.097453867178420417e+00;4.700710470945410613e+00;nan;nan;nan;nan;nan;nan;nan;nan
1.717944406536809243e+00;-3.406220708305509159e+00;nan;nan;nan;nan;nan;nan;nan;nan
1.776732474542210616e+00;5.397573457764807614e+01;nan;nan;nan;nan;nan;nan;nan;nan
-4.010236146819913472e+01;7.541662035401579534e-01;nan;nan;nan;nan;nan;nan;nan;nan
1.633231231934614769e+01;-9.193908834316285805e+00;nan;nan;nan;nan;nan;nan;nan;nan
1.375991075699144695e+01;1.983915429682392984e-01;nan;nan;nan;nan;nan;nan;nan;nan
-7.951361540544359841e+00;-3.444526531606263653e+00;nan;nan;nan;nan;nan;nan;nan;nan
-1.837399446593861674e+00;5.414442763671139858e+00;nan;nan;nan;nan;nan;nan;nan;nan
1.674465128257913804e+01;2.315463724037479665e+01;nan;nan;nan;nan;nan;nan;nan;nan
-7.576358170478979526e-01;1.043900734709934497e+00;nan;nan;nan;nan;nan;nan;nan;nan
-1.063442758967846569e+00;-2.615501434471630304e+00;nan;nan;nan;nan;nan;nan;nan;nan
3.868651800948414099e+00;-8.631142555219835089e+00;nan;nan;nan;nan;nan;nan;nan;nan
-9.034221213332029876e+00;-7.408720511638044570e+00;nan;nan;nan;nan;nan;nan;nan;nan
1.095899099129871246e+01;8.445761859654242087e+00;nan;nan;nan;nan;nan;nan;nan;nan
-1.147364294136777403e+02;6.377376363542774484e+00;nan;nan;nan;nan;nan;nan;nan;nan
-2.109100860672571187e+01;2.741126918471035623e+01;nan;nan;nan;nan;nan;nan;nan;nan
-2.054235382980799329e+00;-8.065919898908557428e+00;nan;nan;nan;nan;nan;nan;nan;nan
-5.020035606734322364e+00;1.188939609823599142e+01;nan;nan;nan;nan;nan;nan;nan;nan
1.983910524632515604e-01;1.542518720204891380e+01;nan;nan;nan;nan;nan;nan;nan;nan
-1.033082490986551072e+01;-2.511946993854186161e+01;nan;nan;nan;nan;nan;nan;nan;nan
2.384662381493333871e+00;-1.742555332655768341e+00;nan;nan;nan;nan;nan;nan;nan;nan
6.173769701570624990e-01;-4.521006110744352213e+00;nan;nan;nan;nan;nan;nan;nan;nan
8.449338012279913102e+00;-2.683347701786648720e+00;nan;nan;nan;nan;nan;nan;nan;nan
-4.432582322748997328e+00;-4.298595550092578321e+00;nan;nan;nan;nan;nan;nan;nan;nan
-8.390897444811301398e+00;2.507378374792069486e+00;nan;nan;nan;nan;nan;nan;nan;nan
4.161619229590634572e-01;1.917903869279174778e+00;nan;nan;nan;nan;nan;nan;nan;nan
-5.262647561372072680e+00;6.788078966139019066e+00;nan;nan;nan;nan;nan;nan;nan;nan
-6.921583167951070870e-01;1.904707967151501924e+00;nan;nan;nan;nan;nan;nan;nan;nan
-1.304806468004002618e+01;-2.952428518150350900e+00;nan;nan;nan;nan;nan;nan;nan;nan
1.621240989075928285e+00;-4.576020126780868225e+00;nan;nan;nan;nan;nan;nan;nan;nan
8.871499754699476270e+00;2.286727142769168708e+01;nan;nan;nan;nan;nan;nan;nan;nan
1.769289452685926634e+01;-3.134190703177269555e+00;nan;nan;nan;nan;nan;nan;nan;nan
3.197633364864511663e+01;1.233565878257854365e+03;nan;nan;nan;nan;nan;nan;nan;nan
1.309420610766405257e+00;-3.332237939310861918e+01;nan;nan;nan;nan;nan;nan;nan;nan
2.309187539083272789e-01;-5.674185428773770745e+00;nan;nan;nan;nan;nan;nan;nan;nan
5.918569380035459737e+00;-1.829857402032893532e+01;nan;nan;nan;nan;nan;nan;nan;nan
3.001633561804387895e+00;4.621839756730858007e+00;nan;nan;nan;nan;nan;nan;nan;nan
-8.844039135734325541e+00;1.426644225843037184e+00;nan;nan;nan;nan;nan;nan;nan;nan
-1.157971924530186936e+00;-2.878857479871864911e+00;nan;nan;nan;nan;nan;nan;nan;nan
-9.487084569397900680e+00;1.050364057731828638e+01;nan;nan;nan;nan;nan;nan;nan;nan
1.063356300840101909e+00;-5.885897938394617501e-01;nan;nan;nan;nan;nan;nan;nan;nan
1.430299931939403302e-01;-7.311592834610631364e+00;nan;nan;nan;nan;nan;nan;nan;nan
-7.311918347796375617e-01;-1.860620016787748909e+00;nan;nan;nan;nan;nan;nan;nan;nan
1.770135161404249970e+02;-2.022722631389721748e+00;nan;nan;nan;nan;nan;nan;nan;nan
1.541255915802091536e+01;1.273531518513277661e+01;nan;nan;nan;nan;nan;nan;nan;nan
-9.705336500011179979e+00;-4.199875769942321035e+00;nan;nan;nan;nan;nan;nan;nan;nan
1.758959136412024282e+00;7.607283844238565962e+00;nan;nan;nan;nan;nan;nan;nan;nan
-3.429019194727811470e-01;9.701970551287502076e+01;nan;nan;nan;nan;nan;nan;nan;nan
8.371757041746057837e+00;-2.824068464277418400e+01;nan;nan;nan;nan;nan;nan;nan;nan
2.218057852043152067e+01;-1.780740156260228702e+01;nan;nan;nan;nan;nan;nan;nan;nan
8.380167026798586605e+00;1.392519616002846661e+01;nan;nan;nan;nan;nan;nan;nan;nan
-5.931908770985722157e+01;-1.213271003005362836e+01;nan;nan;nan;nan;nan;nan;nan;nan
1.392519616002848082e+01;-2.700615417560655374e+01;nan;nan;nan;nan;nan;nan;nan;nan
-8.810996891606986736e+00;-2.684082865378403682e+00;nan;nan;nan;nan;nan;nan;nan;nan
-2.873384863850072968e+00;-8.373991470021794115e+00;nan;nan;nan;nan;nan;nan;nan;nan
-2.028845218782413085e+00;-4.803946461156670400e-02;nan;nan;nan;nan;nan;nan;nan;nan
7.785480993892974766e+00;-3.839067145807283143e+00;nan;nan;nan;nan;nan;nan;nan;nan
-6.971179722934063960e+00;5.507294156820936593e+00;nan;nan;nan;nan;nan;nan;nan;nan
-8.100531147027870915e+00;2.696838156322915836e+01;nan;nan;nan;nan;nan;nan;nan;nan
2.103729507241683905e+02;-2.218174260511974865e+02;nan;nan;nan;nan;nan;nan;nan;nan
-3.537178255256410608e+01;-1.108209561654478259e+00;nan;nan;nan;nan;nan;nan;nan;nan
-3.378538942348747742e+00;1.063356300840099689e+00;nan;nan;nan;nan;nan;nan;nan;nan
-1.425698746362331848e+00;1.218440063081678737e+01;nan;nan;nan;nan;nan;nan;nan;nan
-5.844453261910955710e+00;2.235907316291555702e+00;nan;nan;nan;nan;nan;nan;nan;nan
-4.391290375357955078e+00;5.171899961396093204e+01;nan;nan;nan;nan;nan;nan;nan;nan
-1.427840518736130804e+01;9.174145673314381355e+00;nan;nan;nan;nan;nan;nan;nan;nan
7.408263340738287184e+00;8.917632220289261058e-01;nan;nan;nan;nan;nan;nan;nan;nan
-5.127911453983892365e+00;1.861303445736243845e+00;nan;nan;nan;nan;nan;nan;nan;nan
2.235907368445619881e+00;3.442149402441045059e+00;nan;nan;nan;nan;nan;nan;nan;nan
-2.344425392520252061e+00;1.980156603111688174e+00;nan;nan;nan;nan;nan;nan;nan;nan
-3.272728363382357202e+02;6.352116398537442699e+00;nan;nan;nan;nan;nan;nan;nan;nan
-5.088079307531004680e+00;-1.038502713852471260e+01;nan;nan;nan;nan;nan;nan;nan;nan
8.448915253561764871e+00;6.877475341419615695e+00;nan;nan;nan;nan;nan;nan;nan;nan
-1.432890399478553789e+00;7.401600634510212728e+01;nan;nan;nan;nan;nan;nan;nan;nan
-1.722736648614372257e+01;1.905722634930375392e+01;nan;nan;nan;nan;nan;nan;nan;nan
6.286814218354702888e+01;3.071424977620238028e+00;nan;nan;nan;nan;nan;nan;nan;nan
2.594545288599523936e+00;8.897902628147096316e-01;nan;nan;nan;nan;nan;nan;nan;nan
2.670649225542875538e+00;1.313547494623191803e+01;nan;nan;nan;nan;nan;nan;nan;nan
2.157649131084383853e+01;6.069111213423337148e-01;nan;nan;nan;nan;nan;nan;nan;nan
2.341075892752733978e+01;-4.938254711885242187e+01;nan;nan;nan;nan;nan;nan;nan;nan
1.242923070600270563e+01;-4.293641875675093900e+01;nan;nan;nan;nan;nan;nan;nan;nan
-1.598150431515282577e+00;4.750500041308750809e+00;nan;nan;nan;nan;nan;nan;nan;nan
-4.164225935733583128e+00;2.049840170344030099e+01;nan;nan;nan;nan;nan;nan;nan;nan
-2.999886353221091206e-01;-5.229994588946023093e+00;nan;nan;nan;nan;nan;nan;nan;nan
5.219009249075488022e+00;-1.320133549565809616e+01;nan;nan;nan;nan;nan;nan;nan;nan
1.395634715136187254e-01;9.512270959908196488e+00;nan;nan;nan;nan;nan;nan;nan;nan
-2.066042100196026965e+00;-3.159321436423188079e+00;nan;nan;nan;nan;nan;nan;nan;nan
1.585641969718863731e+00;3.316893293342972004e+00;nan;nan;nan;nan;nan;nan;nan;nan
2.394458480420055935e+00;8.447286629133456515e+00;nan;nan;nan;nan;nan;nan;nan;nan
7.401600634510212728e+01;-2.182143211008223671e-02;nan;nan;nan;nan;nan;nan;nan;nan
2.007643351443642921e+00;-6.393221943172382460e-01;nan;nan;nan;nan;nan;nan;nan;nan
-1.740002515113737491e+00;8.775711614980895803e+00;nan;nan;nan;nan;nan;nan;nan;nan
2.408249930596361921e+01;-2.140460670113357722e+01;nan;nan;nan;nan;nan;nan;nan;nan
4.459180922577743900e+00;-5.673624878164246432e+00;nan;nan;nan;nan;nan;nan;nan;nan
-1.108241339450972029e+00;-2.008556116821944126e+00;nan;nan;nan;nan;nan;nan;nan;nan
-6.393543789627718077e-01;-5.060499123854480530e+00;nan;nan;nan;nan;nan;nan;nan;nan
1.315768392072953020e+03;-2.843439183400241210e-02;nan;nan;nan;nan;nan;nan;nan;nan
4.353093853551137471e+01;3.376762504240248042e+00;nan;nan;nan;nan;nan;nan;nan;nan
-2.440834025781819321e+02;-5.317548899205638335e+00;nan;nan;nan;nan;nan;nan;nan;nan
9.512270959908423862e+00;2.332000721668071375e+00;nan;nan;nan;nan;nan;nan;nan;nan
-2.305390911733868009e+00;-6.780054502123645577e+00;nan;nan;nan;nan;nan;nan;nan;nan
-1.671851955833188796e+00;-8.233345084891746879e+00;nan;nan;nan;nan;nan;nan;nan;nan
-3.767395886230888280e+00;-7.802537860543725667e-01;nan;nan;nan;nan;nan;nan;nan;nan
1.885684468071211706e+00;-3.091274151736025377e+00;nan;nan;nan;nan;nan;nan;nan;nan
-8.065933277182718797e+00;4.295319089470885032e+00;nan;nan;nan;nan;nan;nan;nan;nan
-6.514070804900108591e+00;-4.849176559563060707e+00;nan;nan;nan;nan;nan;nan;nan;nan
-6.189517689702766390e+00;-5.084578484574645074e+01;nan;nan;nan;nan;nan;nan;nan;nan
9.770491287970574090e-01;3.373428888719039342e+00;nan;nan;nan;nan;nan;nan;nan;nan
-1.489527031215873976e+01;-7.448753385175858055e-01;nan;nan;nan;nan;nan;nan;nan;nan
-3.367634171154003209e+00;-2.086145992793150050e+00;nan;nan;nan;nan;nan;nan;nan;nan
7.204431272571413913e+00;1.012394071288373709e+01;nan;nan;nan;nan;nan;nan;nan;nan
-2.195015271631894360e-01;7.153292760434299069e+00;nan;nan;nan;nan;nan;nan;nan;nan
3.572239899930089990e+01;-7.271793003790048004e+00;nan;nan;nan;nan;nan;nan;nan;nan
3.994343314953385793e+00;-3.429019424660009197e-01;nan;nan;nan;nan;nan;nan;nan;nan
-1.320133549568719999e+01;-1.489526998433319349e+01;nan;nan;nan;nan;nan;nan;nan;nan
-8.263887806646242895e-01;4.364636465931290843e+00;nan;nan;nan;nan;nan;nan;nan;nan
4.214881486634781682e-01;7.905770869618174324e+00;nan;nan;nan;nan;nan;nan;nan;nan
1.480643372864262552e+01;1.418195982756821572e+00;nan;nan;nan;nan;nan;nan;nan;nan
1.953821023379234489e+01;-2.300407668022364049e+01;nan;nan;nan;nan;nan;nan;nan;nan
-2.958986310077825266e+01;6.216650916053682252e+00;nan;nan;nan;nan;nan;nan;nan;nan
1.714990000578180940e+01;1.586688782384796959e+01;nan;nan;nan;nan;nan;nan;nan;nan
3.376762504240248042e+00;3.943776387113207882e+00;nan;nan;nan;nan;nan;nan;nan;nan
1.191107592215784994e+00;1.141122940218055781e+01;nan;nan;nan;nan;nan;nan;nan;nan
1.905722634930373971e+01;-3.721442043809009874e+02;nan;nan;nan;nan;nan;nan;nan;nan
-1.537674270847354308e+00;-4.796229707728667080e+00;nan;nan;nan;nan;nan;nan;nan;nan
3.009187707115734245e+00;3.009187707112281007e+00;nan;nan;nan;nan;nan;nan;nan;nan
8.187268121274875909e+00;1.138399056495715911e+01;nan;nan;nan;nan;nan;nan;nan;nan
7.664575468271982217e+00;-4.496125905885670626e+00;nan;nan;nan;nan;nan;nan;nan;nan
9.597045163098278930e-01;1.838822075027433778e+00;nan;nan;nan;nan;nan;nan;nan;nan
9.487493796845447580e-01;-6.543550442118379884e+00;nan;nan;nan;nan;nan;nan;nan;nan
1.045559568839708930e+01;1.085404095001548797e+01;nan;nan;nan;nan;nan;nan;nan;nan
-6.636132271842330788e+00;1.235348314494220667e-01;nan;nan;nan;nan;nan;nan;nan;nan
4.024899333920442857e+00;1.065355731864247701e+01;nan;nan;nan;nan;nan;nan;nan;nan
7.657380724980535014e+00;1.337796889895731978e+00;nan;nan;nan;nan;nan;nan;nan;nan
-1.271290277046221817e+01;-1.042323373595922575e+01;nan;nan;nan;nan;nan;nan;nan;nan
9.712675843291073363e+00;1.129439763311011369e+01;nan;nan;nan;nan;nan;nan;nan;nan
-1.204726730332025930e+01;-2.704284438216366659e+00;nan;nan;nan;nan;nan;nan;nan;nan
-2.934808961837493158e+01;-3.284978834199689501e+00;nan;nan;nan;nan;nan;nan;nan;nan
-4.626461436164512886e-01;1.318559274419776983e+01;nan;nan;nan;nan;nan;nan;nan;nan
2.566325914095563832e+01;4.006017312909021300e+00;nan;nan;nan;nan;nan;nan;nan;nan
3.006217846036377495e+01;-3.924574166290936139e-01;nan;nan;nan;nan;nan;nan;nan;nan
1.397825757545671843e+00;1.839366955544906812e+00;nan;nan;nan;nan;nan;nan;nan;nan
7.515471794914030390e+00;-6.077625258074170311e+00;nan;nan;nan;nan;nan;nan;nan;nan
-4.960741001367404479e+00;-5.565616602094484833e+00;nan;nan;nan;nan;nan;nan;nan;nan
2.374568307818285540e+00;-8.716212584058332880e+00;nan;nan;nan;nan;nan;nan;nan;nan
-8.716212487786499707e+00;1.056406690622001499e+01;nan;nan;nan;nan;nan;nan;nan;nan
-4.896689093166570750e+00;3.676025994162374300e+00;nan;nan;nan;nan;nan;nan;nan;nan
2.282484812802453078e+01;-5.965939242820745392e+01;nan;nan;nan;nan;nan;nan;nan;nan
1.496050742951193335e+01;-4.318068251264801205e+00;nan;nan;nan;nan;nan;nan;nan;nan
4.781968496813583158e+00;-2.441702199496648973e+01;nan;nan;nan;nan;nan;nan;nan;nan
-4.171721922156649276e-01;-1.128365327732514167e+01;nan;nan;nan;nan;nan;nan;nan;nan
1.269262512475353866e+01;-1.513210018999897599e+00;nan;nan;nan;nan;nan;nan;nan;nan
-8.412333622825382662e+00;-1.117328269969324737e+02;nan;nan;nan;nan;nan;nan;nan;nan
1.236111253947345667e-01;5.290098563622828820e+00;nan;nan;nan;nan;nan;nan;nan;nan
1.610381217872768556e+00;-9.315181535343725061e-01;nan;nan;nan;nan;nan;nan;nan;nan
-4.253789636021419795e+01;2.172271488452993182e+01;nan;nan;nan;nan;nan;nan;nan;nan
7.639895130694048575e+00;-1.826017819090996197e-01;nan;nan;nan;nan;nan;nan;nan;nan
-4.094456957076434200e+00;-4.845189104848445893e+00;nan;nan;nan;nan;nan;nan;nan;nan
2.091362826178285061e+01;-3.815460162331116289e-01;nan;nan;nan;nan;nan;nan;nan;nan
2.341746612351584744e+01;1.450247683859305141e+02;nan;nan;nan;nan;nan;nan;nan;nan
6.355498630759898404e+00;-6.587815428202082657e+00;nan;nan;nan;nan;nan;nan;nan;nan
8.270261087207561701e+00;2.159711708321988155e+01;nan;nan;nan;nan;nan;nan;nan;nan
-3.559711038200209288e+00;1.179740952357179351e+00;nan;nan;nan;nan;nan;nan;nan;nan
-9.193908833959763882e+00;1.551172046922677739e+00;nan;nan;nan;nan;nan;nan;nan;nan
-2.230228174927412876e+00;3.149855796602123004e+00;nan;nan;nan;nan;nan;nan;nan;nan
-1.742555331724445766e+00;1.480814401133300073e+01;nan;nan;nan;nan;nan;nan;nan;nan
2.446655297425783004e+01;5.855149918237719575e+00;nan;nan;nan;nan;nan;nan;nan;nan
8.447286629133456515e+00;-9.158512811239575058e+00;nan;nan;nan;nan;nan;nan;nan;nan
9.128222461370087970e+00;-1.519835520997285094e+01;nan;nan;nan;nan;nan;nan;nan;nan
3.476530509236607003e+00;-6.635830310040455871e+00;nan;nan;nan;nan;nan;nan;nan;nan
6.788078966139011960e+00;-1.877405442928859713e+01;nan;nan;nan;nan;nan;nan;nan;nan
-5.588525875580911961e-01;-5.970131055356912242e+00;nan;nan;nan;nan;nan;nan;nan;nan
1.537398852457229381e+01;1.120583786953579297e+00;nan;nan;nan;nan;nan;nan;nan;nan
5.352314043411891475e+01;3.643120600577726687e-01;nan;nan;nan;nan;nan;nan;nan;nan
-1.432388755840389161e+00;-1.819613395464947914e+01;nan;nan;nan;nan;nan;nan;nan;nan
1.636056307860605585e+01;4.813780891351306046e+00;nan;nan;nan;nan;nan;nan;nan;nan
3.943776387113193671e+00;1.510274450745510322e+01;nan;nan;nan;nan;nan;nan;nan;nan
2.391250575544156654e+00;7.475780210635750223e+01;nan;nan;nan;nan;nan;nan;nan;nan
4.063306830392062752e-01;9.758832105162902337e+00;nan;nan;nan;nan;nan;nan;nan;nan
2.823695449102645227e+01;-3.636325397255147251e+00;nan;nan;nan;nan;nan;nan;nan;nan
-2.304411656353647420e+00;-4.081117524269803454e+00;nan;nan;nan;nan;nan;nan;nan;nan
-1.063503254536433573e+01;-8.799302746154900490e+00;nan;nan;nan;nan;nan;nan;nan;nan
-2.608432098744817651e+01;5.170324105224300304e+00;nan;nan;nan;nan;nan;nan;nan;nan
7.264102717584849600e+00;-2.611067823746575645e+00;nan;nan;nan;nan;nan;nan;nan;nan
5.971286417886627618e-01;4.175207399259767271e+01;nan;nan;nan;nan;nan;nan;nan;nan
-5.347890269551974995e+00;4.281957533748141032e+00;nan;nan;nan;nan;nan;nan;nan;nan
-2.704284466097836237e+00;2.156412873477155046e+00;nan;nan;nan;nan;nan;nan;nan;nan
2.701011663176112076e+00;4.067274252945623836e+00;nan;nan;nan;nan;nan;nan;nan;nan
4.956576903372053700e+00;6.355498743100683967e+00;nan;nan;nan;nan;nan;nan;nan;nan
-1.819613395464947914e+01;-8.690548778616826731e-01;nan;nan;nan;nan;nan;nan;nan;nan
2.020288798985389267e+00;-3.239466149630052527e+00;nan;nan;nan;nan;nan;nan;nan;nan
1.696264565871562269e+00;5.848469463648592637e+01;nan;nan;nan;nan;nan;nan;nan;nan
6.667707232543424567e+00;-3.741150147774559453e+00;nan;nan;nan;nan;nan;nan;nan;nan
-5.880337612100065670e+00;-2.196328681831117624e+00;nan;nan;nan;nan;nan;nan;nan;nan
-8.990916796049896575e+00;-8.438964560297939954e+00;nan;nan;nan;nan;nan;nan;nan;nan
5.017854954273276213e+00;2.746754750684973878e+00;nan;nan;nan;nan;nan;nan;nan;nan
-1.837895130753387729e+00;1.585640389300834396e+00;nan;nan;nan;nan;nan;nan;nan;nan
-1.245232191923057563e+01;-1.456486249667941912e+01;nan;nan;nan;nan;nan;nan;nan;nan
-9.913189336530661144e-01;1.829686832628156234e-01;nan;nan;nan;nan;nan;nan;nan;nan
6.802066778616513432e+00;-2.254763630270987473e+00;nan;nan;nan;nan;nan;nan;nan;nan
-2.630777594835949529e+00;-4.624395186972851679e-01;nan;nan;nan;nan;nan;nan;nan;nan
-6.933631073116331756e+00;1.063444654030046843e+00;nan;nan;nan;nan;nan;nan;nan;nan
5.516475841198772656e+00;1.942982270106568210e+00;nan;nan;nan;nan;nan;nan;nan;nan
-2.389172718934062445e+01;4.650697223794133528e+00;nan;nan;nan;nan;nan;nan;nan;nan
-1.614695224998188650e+01;8.480924129483673468e+00;nan;nan;nan;nan;nan;nan;nan;nan
-5.773224680575832934e+01;1.395634417112963377e-01;nan;nan;nan;nan;nan;nan;nan;nan
6.959225884211411639e+00;-9.378111074938356495e+00;nan;nan;nan;nan;nan;nan;nan;nan
-2.480203931772838377e+00;-4.632862681000319838e-01;nan;nan;nan;nan;nan;nan;nan;nan
-6.603554735922171126e+00;6.509273385128227396e+00;nan;nan;nan;nan;nan;nan;nan;nan
-6.230982168571791817e+02;-4.819880926094490370e+00;nan;nan;nan;nan;nan;nan;nan;nan
-4.468099688733706110e+00;4.799464499292857234e+00;nan;nan;nan;nan;nan;nan;nan;nan
-1.042323373580370216e+01;3.815751054868344205e+00;nan;nan;nan;nan;nan;nan;nan;nan
1.202695691663583588e+01;1.368809129919936085e+00;nan;nan;nan;nan;nan;nan;nan;nan
-1.364731951454591474e+01;-2.068909442538414822e+01;nan;nan;nan;nan;nan;nan;nan;nan
5.502866719287062836e+00;-1.044120081176924536e-01;nan;nan;nan;nan;nan;nan;nan;nan
2.657416185694369548e-01;-2.101936286421886457e+00;nan;nan;nan;nan;nan;nan;nan;nan
-4.026042550569890466e+01;1.495919123686348051e+00;nan;nan;nan;nan;nan;nan;nan;nan
-6.920355611894528636e+00;7.594275550866164792e+00;nan;nan;nan;nan;nan;nan;nan;nan
-2.688536877888228371e+00;6.412292847793577000e-01;nan;nan;nan;nan;nan;nan;nan;nan
-2.262922118532245896e+00;1.657199425377733126e+00;nan;nan;nan;nan;nan;nan;nan;nan
-3.703478912403170398e+00;2.997025268331718006e+00;nan;nan;nan;nan;nan;nan;nan;nan
2.392637867399507901e+00;-2.350493324233640546e+00;nan;nan;nan;nan;nan;nan;nan;nan
-1.680541262185539608e+01;3.020694748078576741e-01;nan;nan;nan;nan;nan;nan;nan;nan
-1.877405442928854740e+01;3.396163107648256796e-01;nan;nan;nan;nan;nan;nan;nan;nan
6.176059238957849473e-01;1.840448161313647191e+01;nan;nan;nan;nan;nan;nan;nan;nan
-3.406220722797397737e+00;-4.077631154774970845e+00;nan;nan;nan;nan;nan;nan;nan;nan
2.991838247372509585e+00;nan;nan;nan;nan;nan;nan;nan;nan;nan
-4.087520319212925912e+00;nan;nan;nan;nan;nan;nan;nan;nan;nan
3.158167016020485107e+00;nan;nan;nan;nan;nan;nan;nan;nan;nan
1.262241042278827763e+01;nan;nan;nan;nan;nan;nan;nan;nan;nan
-2.615501434471624975e+00;nan;nan;nan;nan;nan;nan;nan;nan;nan
-4.780122996788654710e+00;nan;nan;nan;nan;nan;nan;nan;nan;nan
4.862844164050082796e+00;nan;nan;nan;nan;nan;nan;nan;nan;nan
-1.088891010336478615e+01;nan;nan;nan;nan;nan;nan;nan;nan;nan
3.643120600579014545e-01;nan;nan;nan;nan;nan;nan;nan;nan;nan
2.083848893239147060e+01;nan;nan;nan;nan;nan;nan;nan;nan;nan
-3.828401926736186400e+00;nan;nan;nan;nan;nan;nan;nan;nan;nan
5.026915988246553724e+00;nan;nan;nan;nan;nan;nan;nan;nan;nan
-1.513210018982089622e+00;nan;nan;nan;nan;nan;nan;nan;nan;nan
8.998762921941434456e+00;nan;nan;nan;nan;nan;nan;nan;nan;nan
4.874385238229954176e+00;nan;nan;nan;nan;nan;nan;nan;nan;nan
-5.925624741338934598e+01;nan;nan;nan;nan;nan;nan;nan;nan;nan
1.447304512927678211e+01;nan;nan;nan;nan;nan;nan;nan;nan;nan
-8.542576857947123514e+00;nan;nan;nan;nan;nan;nan;nan;nan;nan
1.265574590618456696e+01;nan;nan;nan;nan;nan;nan;nan;nan;nan
-1.700437193416681314e+00;nan;nan;nan;nan;nan;nan;nan;nan;nan
-3.009573410619974609e+01;nan;nan;nan;nan;nan;nan;nan;nan;nan
1.293505448854935125e+01;nan;nan;nan;nan;nan;nan;nan;nan;nan
2.213358394242691318e+00;nan;nan;nan;nan;nan;nan;nan;nan;nan
-3.883601823210987458e+00;nan;nan;nan;nan;nan;nan;nan;nan;nan
1.130801150252959886e+01;nan;nan;nan;nan;nan;nan;nan;nan;nan
-4.722561729419195942e+00;nan;nan;nan;nan;nan;nan;nan;nan;nan
-2.971808355972371807e+00;nan;nan;nan;nan;nan;nan;nan;nan;nan
8.575803482256459942e-01;nan;nan;nan;nan;nan;nan;nan;nan;nan
1.657199425377733126e+00;nan;nan;nan;nan;nan;nan;nan;nan;nan
-4.647619391751522944e-01;nan;nan;nan;nan;nan;nan;nan;nan;nan
6.509253015240875406e+00;nan;nan;nan;nan;nan;nan;nan;nan;nan
6.504524639780060458e-01;nan;nan;nan;nan;nan;nan;nan;nan;nan
2.796763869188321205e+00;nan;nan;nan;nan;nan;nan;nan;nan;nan
-1.982031215889548292e+01;nan;nan;nan;nan;nan;nan;nan;nan;nan
1.616554520564676167e+01;nan;nan;nan;nan;nan;nan;nan;nan;nan
-1.925233739008348621e+01;nan;nan;nan;nan;nan;nan;nan;nan;nan
3.392047807214177535e+00;nan;nan;nan;nan;nan;nan;nan;nan;nan
1.938538503035273308e+00;nan;nan;nan;nan;nan;nan;nan;nan;nan
-4.796229707728667080e+00;nan;nan;nan;nan;nan;nan;nan;nan;nan
6.167119374203297411e+03;nan;nan;nan;nan;nan;nan;nan;nan;nan
1.056406693043440193e+01;nan;nan;nan;nan;nan;nan;nan;nan;nan
-3.814695228384532011e-01;nan;nan;nan;nan;nan;nan;nan;nan;nan
1.235967156469243946e+03;nan;nan;nan;nan;nan;nan;nan;nan;nan
-1.565457592434867928e+00;nan;nan;nan;nan;nan;nan;nan;nan;nan
-1.036592739841401212e+00;nan;nan;nan;nan;nan;nan;nan;nan;nan
3.362446436423187635e+00;nan;nan;nan;nan;nan;nan;nan;nan;nan
-4.574356761504960289e+00;nan;nan;nan;nan;nan;nan;nan;nan;nan
-9.354862461582638122e-01;nan;nan;nan;nan;nan;nan;nan;nan;nan
2.995751814714894046e+00;nan;nan;nan;nan;nan;nan;nan;nan;nan
-5.229995601799340754e+00;nan;nan;nan;nan;nan;nan;nan;nan;nan
-8.557243168552725043e-01;nan;nan;nan;nan;nan;nan;nan;nan;nan
-1.603187498184699322e+01;nan;nan;nan;nan;nan;nan;nan;nan;nan
3.119983063853261385e+01;nan;nan;nan;nan;nan;nan;nan;nan;nan
1.866039318826156812e+00;nan;nan;nan;nan;nan;nan;nan;nan;nan
-1.060662885174736125e+01;nan;nan;nan;nan;nan;nan;nan;nan;nan
8.917635720195332683e-01;nan;nan;nan;nan;nan;nan;nan;nan;nan
-2.105164399149494514e+01;nan;nan;nan;nan;nan;nan;nan;nan;nan
-8.082842872539403034e-01;nan;nan;nan;nan;nan;nan;nan;nan;nan
8.775711614986345666e+00;nan;nan;nan;nan;nan;nan;nan;nan;nan
2.481964604587537426e+00;nan;nan;nan;nan;nan;nan;nan;nan;nan
-1.663909773952079396e+00;nan;nan;nan;nan;nan;nan;nan;nan;nan
2.438997757971705926e+00;nan;nan;nan;nan;nan;nan;nan;nan;nan
2.156818267186773852e+01;nan;nan;nan;nan;nan;nan;nan;nan;nan
-5.788000196760023641e+00;nan;nan;nan;nan;nan;nan;nan;nan;nan
1.491428395442884458e+01;nan;nan;nan;nan;nan;nan;nan;nan;nan
-4.845189104848502737e+00;nan;nan;nan;nan;nan;nan;nan;nan;nan
2.013078092026650889e+00;nan;nan;nan;nan;nan;nan;nan;nan;nan
-9.976495078095473090e+00;nan;nan;nan;nan;nan;nan;nan;nan;nan
-9.776882322898937383e-02;nan;nan;nan;nan;nan;nan;nan;nan;nan
3.019865711714000867e+01;nan;nan;nan;nan;nan;nan;nan;nan;nan
-7.802538170087947034e-01;nan;nan;nan;nan;nan;nan;nan;nan;nan
4.364636465931297948e+00;nan;nan;nan;nan;nan;nan;nan;nan;nan
-3.514260233968776737e-01;nan;nan;nan;nan;nan;nan;nan;nan;nan
-2.774695480087564903e+01;nan;nan;nan;nan;nan;nan;nan;nan;nan
-3.081672026567415790e-01;nan;nan;nan;nan;nan;nan;nan;nan;nan
-4.575487034978273471e+00;nan;nan;nan;nan;nan;nan;nan;nan;nan
5.604538563078201463e+01;nan;nan;nan;nan;nan;nan;nan;nan;nan
6.352192215645596995e+00;nan;nan;nan;nan;nan;nan;nan;nan;nan
1.313799179003710904e+01;nan;nan;nan;nan;nan;nan;nan;nan;nan
1.263559158145773020e+00;nan;nan;nan;nan;nan;nan;nan;nan;nan
7.576594824264805084e+01;nan;nan;nan;nan;nan;nan;nan;nan;nan
1.491116357690233762e+01;nan;nan;nan;nan;nan;nan;nan;nan;nan
-6.000247687771264049e-01;nan;nan;nan;nan;nan;nan;nan;nan;nan
1.539298505133040340e+00;nan;nan;nan;nan;nan;nan;nan;nan;nan
-3.717309267889109314e+00;nan;nan;nan;nan;nan;nan;nan;nan;nan
-1.292426687007609321e+00;nan;nan;nan;nan;nan;nan;nan;nan;nan
-3.349865655375315043e+01;nan;nan;nan;nan;nan;nan;nan;nan;nan
4.295319089470629237e+00;nan;nan;nan;nan;nan;nan;nan;nan;nan
-2.683347701786680695e+00;nan;nan;nan;nan;nan;nan;nan;nan;nan
-9.694737172782180723e-01;nan;nan;nan;nan;nan;nan;nan;nan;nan
-1.662624623749726194e+00;nan;nan;nan;nan;nan;nan;nan;nan;nan
1.084121100447517350e+01;nan;nan;nan;nan;nan;nan;nan;nan;nan
-4.199875769942347681e+00;nan;nan;nan;nan;nan;nan;nan;nan;nan
1.824852683225668182e+00;nan;nan;nan;nan;nan;nan;nan;nan;nan
-6.077625258073715564e+00;nan;nan;nan;nan;nan;nan;nan;nan;nan
-3.480965143861045163e+00;nan;nan;nan;nan;nan;nan;nan;nan;nan
4.532686210603513288e+00;nan;nan;nan;nan;nan;nan;nan;nan;nan
3.754343674331607206e-01;nan;nan;nan;nan;nan;nan;nan;nan;nan
-1.300614261155728313e+00;nan;nan;nan;nan;nan;nan;nan;nan;nan
-4.592796372098886692e+00;nan;nan;nan;nan;nan;nan;nan;nan;nan
-2.423544951825832428e+01;nan;nan;nan;nan;nan;nan;nan;nan;nan
-4.938254703145361901e+01;nan;nan;nan;nan;nan;nan;nan;nan;nan
8.116365850566802820e+00;nan;nan;nan;nan;nan;nan;nan;nan;nan
3.329524451332254831e+00;nan;nan;nan;nan;nan;nan;nan;nan;nan
5.497301580689749834e+00;nan;nan;nan;nan;nan;nan;nan;nan;nan
1.942982971858128183e+00;nan;nan;nan;nan;nan;nan;nan;nan;nan
-2.771828237717079091e+01;nan;nan;nan;nan;nan;nan;nan;nan;nan
3.104276432716358336e+00;nan;nan;nan;nan;nan;nan;nan;nan;nan
-9.755116387438395265e+00;nan;nan;nan;nan;nan;nan;nan;nan;nan
4.533337621738711221e+01;nan;nan;nan;nan;nan;nan;nan;nan;nan
3.314279964193042360e+01;nan;nan;nan;nan;nan;nan;nan;nan;nan
4.327902662236321873e+01;nan;nan;nan;nan;nan;nan;nan;nan;nan
-1.044720196477629592e+00;nan;nan;nan;nan;nan;nan;nan;nan;nan
2.440087723955791876e+00;nan;nan;nan;nan;nan;nan;nan;nan;nan
-1.984819281438581129e+01;nan;nan;nan;nan;nan;nan;nan;nan;nan
1.351877817054896269e+01;nan;nan;nan;nan;nan;nan;nan;nan;nan
4.314026594082035260e+00;nan;nan;nan;nan;nan;nan;nan;nan;nan
-3.134188102828689537e+00;nan;nan;nan;nan;nan;nan;nan;nan;nan
1.145028839542114457e-01;nan;nan;nan;nan;nan;nan;nan;nan;nan
-7.028061481029955537e+00;nan;nan;nan;nan;nan;nan;nan;nan;nan
2.156413537801189051e+00;nan;nan;nan;nan;nan;nan;nan;nan;nan
1.450247654355005977e+02;nan;nan;nan;nan;nan;nan;nan;nan;nan
-4.318412655467724015e+00;nan;nan;nan;nan;nan;nan;nan;nan;nan
-2.824068498273815919e+01;nan;nan;nan;nan;nan;nan;nan;nan;nan
-1.633850665280342440e+01;nan;nan;nan;nan;nan;nan;nan;nan;nan
-1.131809165611700474e-01;nan;nan;nan;nan;nan;nan;nan;nan;nan
1.324895380662047195e+01;nan;nan;nan;nan;nan;nan;nan;nan;nan
-3.149437671294398200e+01;nan;nan;nan;nan;nan;nan;nan;nan;nan
-2.843474946187106445e-02;nan;nan;nan;nan;nan;nan;nan;nan;nan
-1.295997244243932478e+00;nan;nan;nan;nan;nan;nan;nan;nan;nan
3.219509350468757525e+00;nan;nan;nan;nan;nan;nan;nan;nan;nan
1.980156394495431460e+00;nan;nan;nan;nan;nan;nan;nan;nan;nan
1.652236835513728685e+00;nan;nan;nan;nan;nan;nan;nan;nan;nan
1.589208483316326692e-01;nan;nan;nan;nan;nan;nan;nan;nan;nan
3.641379071436593451e-01;nan;nan;nan;nan;nan;nan;nan;nan;nan
-1.609162590447688146e+01;nan;nan;nan;nan;nan;nan;nan;nan;nan
-5.403249818937485571e-01;nan;nan;nan;nan;nan;nan;nan;nan;nan
-4.459661980867559272e+00;nan;nan;nan;nan;nan;nan;nan;nan;nan
-1.860620016787180475e+00;nan;nan;nan;nan;nan;nan;nan;nan;nan
1.227390193900618653e+00;nan;nan;nan;nan;nan;nan;nan;nan;nan
6.216650914746738366e+00;nan;nan;nan;nan;nan;nan;nan;nan;nan
3.467129388238108234e+00;nan;nan;nan;nan;nan;nan;nan;nan;nan
-5.217304369803381192e+00;nan;nan;nan;nan;nan;nan;nan;nan;nan
1.130365839755085489e+01;nan;nan;nan;nan;nan;nan;nan;nan;nan
7.799576269834433973e-01;nan;nan;nan;nan;nan;nan;nan;nan;nan
-9.090738975684530487e+00;nan;nan;nan;nan;nan;nan;nan;nan;nan
2.283552953180473022e+00;nan;nan;nan;nan;nan;nan;nan;nan;nan
1.262509343859442623e+01;nan;nan;nan;nan;nan;nan;nan;nan;nan
1.400898152877604552e+00;nan;nan;nan;nan;nan;nan;nan;nan;nan
9.344769605162902337e+00;nan;nan;nan;nan;nan;nan;nan;nan;nan
1.009254321848272973e+01;nan;nan;nan;nan;nan;nan;nan;nan;nan
1.070424569663940240e+01;nan;nan;nan;nan;nan;nan;nan;nan;nan
-1.829857438703719907e+01;nan;nan;nan;nan;nan;nan;nan;nan;nan
-2.405985176881273890e+00;nan;nan;nan;nan;nan;nan;nan;nan;nan
-6.481698323793518846e+00;nan;nan;nan;nan;nan;nan;nan;nan;nan
9.561854897365310535e+01;nan;nan;nan;nan;nan;nan;nan;nan;nan
2.997049986091233631e+00;nan;nan;nan;nan;nan;nan;nan;nan;nan
1.719214709230848115e+01;nan;nan;nan;nan;nan;nan;nan;nan;nan
8.897902535014838854e-01;nan;nan;nan;nan;nan;nan;nan;nan;nan
-4.535980793265473210e+00;nan;nan;nan;nan;nan;nan;nan;nan;nan
-1.396224345307650339e+01;nan;nan;nan;nan;nan;nan;nan;nan;nan
-7.329483443784605701e-01;nan;nan;nan;nan;nan;nan;nan;nan;nan
1.836987342149311697e+00;nan;nan;nan;nan;nan;nan;nan;nan;nan
3.483603221597309840e+00;nan;nan;nan;nan;nan;nan;nan;nan;nan
7.426784946644804108e+01;nan;nan;nan;nan;nan;nan;nan;nan;nan
-1.456486285802382419e+01;nan;nan;nan;nan;nan;nan;nan;nan;nan
-1.251193311926195317e+00;nan;nan;nan;nan;nan;nan;nan;nan;nan
1.810543319601965706e+01;nan;nan;nan;nan;nan;nan;nan;nan;nan
3.407400967374208944e-01;nan;nan;nan;nan;nan;nan;nan;nan;nan
3.194073226162274626e+00;nan;nan;nan;nan;nan;nan;nan;nan;nan
9.712286208978694546e+00;nan;nan;nan;nan;nan;nan;nan;nan;nan
1.288416120937231069e-01;nan;nan;nan;nan;nan;nan;nan;nan;nan
8.212233428234869237e+00;nan;nan;nan;nan;nan;nan;nan;nan;nan
-6.214060738198092793e+00;nan;nan;nan;nan;nan;nan;nan;nan;nan
3.768396231176894595e+00;nan;nan;nan;nan;nan;nan;nan;nan;nan
-2.903884500838350036e+00;nan;nan;nan;nan;nan;nan;nan;nan;nan
7.011874755482115695e+00;nan;nan;nan;nan;nan;nan;nan;nan;nan
-2.579817823746575645e+00;nan;nan;nan;nan;nan;nan;nan;nan;nan
3.589903545442332700e+00;nan;nan;nan;nan;nan;nan;nan;nan;nan
8.216755249842051967e+00;nan;nan;nan;nan;nan;nan;nan;nan;nan
9.221880846364026496e+00;nan;nan;nan;nan;nan;nan;nan;nan;nan
-5.060284441369969244e+00;nan;nan;nan;nan;nan;nan;nan;nan;nan
3.498707902379348980e+02;nan;nan;nan;nan;nan;nan;nan;nan;nan
-3.721442043883515680e+02;nan;nan;nan;nan;nan;nan;nan;nan;nan
-1.505033738923215569e+00;nan;nan;nan;nan;nan;nan;nan;nan;nan
-2.957357709352353758e+00;nan;nan;nan;nan;nan;nan;nan;nan;nan
3.458118483009553756e+01;nan;nan;nan;nan;nan;nan;nan;nan;nan
1.043901320977495217e+00;nan;nan;nan;nan;nan;nan;nan;nan;nan
4.813780720657340417e+00;nan;nan;nan;nan;nan;nan;nan;nan;nan
-2.303715836374447878e+00;nan;nan;nan;nan;nan;nan;nan;nan;nan
-7.565309663587365563e+00;nan;nan;nan;nan;nan;nan;nan;nan;nan
-5.965939243002826231e+01;nan;nan;nan;nan;nan;nan;nan;nan;nan
-1.157899909307390551e+01;nan;nan;nan;nan;nan;nan;nan;nan;nan
-2.684082865379767924e+00;nan;nan;nan;nan;nan;nan;nan;nan;nan
4.339495511039270781e+00;nan;nan;nan;nan;nan;nan;nan;nan;nan
-5.887431785493089098e-01;nan;nan;nan;nan;nan;nan;nan;nan;nan
3.658692009787374300e+00;nan;nan;nan;nan;nan;nan;nan;nan;nan
1.290623971183284535e+00;nan;nan;nan;nan;nan;nan;nan;nan;nan
-2.729336246231204743e+00;nan;nan;nan;nan;nan;nan;nan;nan;nan
-2.006823145783357965e-01;nan;nan;nan;nan;nan;nan;nan;nan;nan
-4.803544781730238744e-02;nan;nan;nan;nan;nan;nan;nan;nan;nan
-8.438867762354824720e+00;nan;nan;nan;nan;nan;nan;nan;nan;nan
1.280873232686157714e-01;nan;nan;nan;nan;nan;nan;nan;nan;nan
2.049840182264959054e+01;nan;nan;nan;nan;nan;nan;nan;nan;nan
1.904707967130743418e+00;nan;nan;nan;nan;nan;nan;nan;nan;nan
8.480924129483680574e+00;nan;nan;nan;nan;nan;nan;nan;nan;nan
3.258031971527848469e+01;nan;nan;nan;nan;nan;nan;nan;nan;nan
-3.387308074491863294e+02;nan;nan;nan;nan;nan;nan;nan;nan;nan
2.767753080465251259e+00;nan;nan;nan;nan;nan;nan;nan;nan;nan
-1.902012828978832948e+00;nan;nan;nan;nan;nan;nan;nan;nan;nan
1.605746964048411840e+01;nan;nan;nan;nan;nan;nan;nan;nan;nan
1.775165302526754196e+00;nan;nan;nan;nan;nan;nan;nan;nan;nan
-2.254763630241883643e+00;nan;nan;nan;nan;nan;nan;nan;nan;nan
-1.286874259085318783e+01;nan;nan;nan;nan;nan;nan;nan;nan;nan
-3.160613047072166637e+01;nan;nan;nan;nan;nan;nan;nan;nan;nan
4.067212333891490950e+00;nan;nan;nan;nan;nan;nan;nan;nan;nan
3.087554161490449189e+01;nan;nan;nan;nan;nan;nan;nan;nan;nan
-1.623760853489323086e+00;nan;nan;nan;nan;nan;nan;nan;nan;nan
-4.079797110024674822e+00;nan;nan;nan;nan;nan;nan;nan;nan;nan
-2.068909442538414822e+01;nan;nan;nan;nan;nan;nan;nan;nan;nan
4.934304070169110545e+00;nan;nan;nan;nan;nan;nan;nan;nan;nan
-1.269851548462317581e+01;nan;nan;nan;nan;nan;nan;nan;nan;nan
8.646879993088294469e-01;nan;nan;nan;nan;nan;nan;nan;nan;nan
6.412292847788816363e-01;nan;nan;nan;nan;nan;nan;nan;nan;nan
-4.318041583719317345e+00;nan;nan;nan;nan;nan;nan;nan;nan;nan
1.129439765173656518e+01;nan;nan;nan;nan;nan;nan;nan;nan;nan
-9.315181349521594045e-01;nan;nan;nan;nan;nan;nan;nan;nan;nan
-6.368476177161906948e-01;nan;nan;nan;nan;nan;nan;nan;nan;nan
7.606092760896729033e+00;nan;nan;nan;nan;nan;nan;nan;nan;nan
7.159947103881652453e+00;nan;nan;nan;nan;nan;nan;nan;nan;nan
-1.447225043394821720e+00;nan;nan;nan;nan;nan;nan;nan;nan;nan
-4.521006107739836466e+00;nan;nan;nan;nan;nan;nan;nan;nan;nan
4.598818525184113604e+00;nan;nan;nan;nan;nan;nan;nan;nan;nan
4.613428776167294854e-01;nan;nan;nan;nan;nan;nan;nan;nan;nan
3.720862834088763726e+00;nan;nan;nan;nan;nan;nan;nan;nan;nan
4.429656277457881686e+01;nan;nan;nan;nan;nan;nan;nan;nan;nan
5.302427665185328820e+00;nan;nan;nan;nan;nan;nan;nan;nan;nan
-7.749428826340587051e+00;nan;nan;nan;nan;nan;nan;nan;nan;nan
-6.090275126841575570e-01;nan;nan;nan;nan;nan;nan;nan;nan;nan
1.201891577530913224e+01;nan;nan;nan;nan;nan;nan;nan;nan;nan
-4.774713668938060707e+00;nan;nan;nan;nan;nan;nan;nan;nan;nan
6.095965494771658832e+00;nan;nan;nan;nan;nan;nan;nan;nan;nan
1.174517867669171878e+00;nan;nan;nan;nan;nan;nan;nan;nan;nan
-4.077631154774970845e+00;nan;nan;nan;nan;nan;nan;nan;nan;nan
4.133127096513216969e+00;nan;nan;nan;nan;nan;nan;nan;nan;nan
-1.767396335744397717e+01;nan;nan;nan;nan;nan;nan;nan;nan;nan
-4.812678777656990370e+00;nan;nan;nan;nan;nan;nan;nan;nan;nan
-5.674186371272216256e+00;nan;nan;nan;nan;nan;nan;nan;nan;nan
-5.673624878164274854e+00;nan;nan;nan;nan;nan;nan;nan;nan;nan
-4.302459122028110983e+00;nan;nan;nan;nan;nan;nan;nan;nan;nan
-4.197963469573672057e+00;nan;nan;nan;nan;nan;nan;nan;nan;nan
4.384507037918653083e+01;nan;nan;nan;nan;nan;nan;nan;nan;nan
-2.378319222941104094e+00;nan;nan;nan;nan;nan;nan;nan;nan;nan
-2.878857479872690917e+00;nan;nan;nan;nan;nan;nan;nan;nan;nan
4.525176501101897841e+00;nan;nan;nan;nan;nan;nan;nan;nan;nan
-5.977630300835700128e-01;nan;nan;nan;nan;nan;nan;nan;nan;nan
-1.044120081177187104e-01;nan;nan;nan;nan;nan;nan;nan;nan;nan
8.445761859654057346e+00;nan;nan;nan;nan;nan;nan;nan;nan;nan
-1.102690805300131771e+01;nan;nan;nan;nan;nan;nan;nan;nan;nan
2.979190841828576741e-01;nan;nan;nan;nan;nan;nan;nan;nan;nan
-4.062139191012985151e+01;nan;nan;nan;nan;nan;nan;nan;nan;nan
-4.888370545143317258e+00;nan;nan;nan;nan;nan;nan;nan;nan;nan
-5.337541686063524971e+00;nan;nan;nan;nan;nan;nan;nan;nan;nan
-2.196328681831106078e+00;nan;nan;nan;nan;nan;nan;nan;nan;nan
-2.952635614488622995e+00;nan;nan;nan;nan;nan;nan;nan;nan;nan
-3.284978834199590025e+00;nan;nan;nan;nan;nan;nan;nan;nan;nan
6.956853783272626970e+02;nan;nan;nan;nan;nan;nan;nan;nan;nan
1.225964230185270010e+00;nan;nan;nan;nan;nan;nan;nan;nan;nan
-2.081178276276332451e+00;nan;nan;nan;nan;nan;nan;nan;nan;nan
3.741702741920366893e-01;nan;nan;nan;nan;nan;nan;nan;nan;nan
2.053168961293179251e+01;nan;nan;nan;nan;nan;nan;nan;nan;nan
6.193608300812256218e+00;nan;nan;nan;nan;nan;nan;nan;nan;nan
-4.632857018559066176e-01;nan;nan;nan;nan;nan;nan;nan;nan;nan
-9.917735686264672168e+00;nan;nan;nan;nan;nan;nan;nan;nan;nan
-2.140446862958920704e+01;nan;nan;nan;nan;nan;nan;nan;nan;nan
-6.874123428171728847e+02;nan;nan;nan;nan;nan;nan;nan;nan;nan
1.632797348441461338e+01;nan;nan;nan;nan;nan;nan;nan;nan;nan
-8.606777187321252853e+00;nan;nan;nan;nan;nan;nan;nan;nan;nan
4.799456428782836959e+00;nan;nan;nan;nan;nan;nan;nan;nan;nan
7.411048338519380252e+01;nan;nan;nan;nan;nan;nan;nan;nan;nan
1.337796889893912988e+00;nan;nan;nan;nan;nan;nan;nan;nan;nan
1.011310637752975872e+01;nan;nan;nan;nan;nan;nan;nan;nan;nan
7.967815318318038464e+00;nan;nan;nan;nan;nan;nan;nan;nan;nan
2.696860627273996158e+01;nan;nan;nan;nan;nan;nan;nan;nan;nan
4.632075302254826887e+00;nan;nan;nan;nan;nan;nan;nan;nan;nan
-1.454012085765296725e+00;nan;nan;nan;nan;nan;nan;nan;nan;nan
-3.444526531573521844e+00;nan;nan;nan;nan;nan;nan;nan;nan;nan
4.331709874585401576e-01;nan;nan;nan;nan;nan;nan;nan;nan;nan
-3.091274151852440699e+00;nan;nan;nan;nan;nan;nan;nan;nan;nan
2.854249358401629522e+01;nan;nan;nan;nan;nan;nan;nan;nan;nan
-1.780673017588353702e+01;nan;nan;nan;nan;nan;nan;nan;nan;nan
-7.032939577947008303e+00;nan;nan;nan;nan;nan;nan;nan;nan;nan
-1.568374079178987079e+00;nan;nan;nan;nan;nan;nan;nan;nan;nan
7.854019411371880866e-01;nan;nan;nan;nan;nan;nan;nan;nan;nan
1.360627790172985963e+00;nan;nan;nan;nan;nan;nan;nan;nan;nan
9.167798017064381355e+00;nan;nan;nan;nan;nan;nan;nan;nan;nan
-3.636325397255078862e+00;nan;nan;nan;nan;nan;nan;nan;nan;nan
7.108214527726824272e+00;nan;nan;nan;nan;nan;nan;nan;nan;nan
-3.459702747277439094e+00;nan;nan;nan;nan;nan;nan;nan;nan;nan
-3.741150253498771061e+00;nan;nan;nan;nan;nan;nan;nan;nan;nan
9.290840802816104471e+00;nan;nan;nan;nan;nan;nan;nan;nan;nan
-1.067395763398485897e+01;nan;nan;nan;nan;nan;nan;nan;nan;nan
2.426739603708155357e+01;nan;nan;nan;nan;nan;nan;nan;nan;nan
3.323179915958427433e+00;nan;nan;nan;nan;nan;nan;nan;nan;nan
9.892228652780914455e-01;nan;nan;nan;nan;nan;nan;nan;nan;nan
-3.705346823215140972e+00;nan;nan;nan;nan;nan;nan;nan;nan;nan
3.326819738280573535e+00;nan;nan;nan;nan;nan;nan;nan;nan;nan
9.378512156166973313e+00;nan;nan;nan;nan;nan;nan;nan;nan;nan
3.455464139454224703e+00;nan;nan;nan;nan;nan;nan;nan;nan;nan
8.308309669955056265e+00;nan;nan;nan;nan;nan;nan;nan;nan;nan
1.348388525923495784e+00;nan;nan;nan;nan;nan;nan;nan;nan;nan
-2.101936286422511735e+00;nan;nan;nan;nan;nan;nan;nan;nan;nan
-5.254238822919116148e-01;nan;nan;nan;nan;nan;nan;nan;nan;nan
-1.674997567015726219e+00;nan;nan;nan;nan;nan;nan;nan;nan;nan
2.904377845824975601e+00;nan;nan;nan;nan;nan;nan;nan;nan;nan
5.848469463683517233e+01;nan;nan;nan;nan;nan;nan;nan;nan;nan
9.493966327015609608e+00;nan;nan;nan;nan;nan;nan;nan;nan;nan
-6.780054384777001175e+00;nan;nan;nan;nan;nan;nan;nan;nan;nan
-1.361517231297896743e-02;nan;nan;nan;nan;nan;nan;nan;nan;nan
1.713091387542699096e+01;nan;nan;nan;nan;nan;nan;nan;nan;nan
2.313321992620186393e+03;nan;nan;nan;nan;nan;nan;nan;nan;nan
3.475799106923820148e+01;nan;nan;nan;nan;nan;nan;nan;nan;nan
-1.835919315446007971e+01;nan;nan;nan;nan;nan;nan;nan;nan;nan
-4.296945221111819535e+00;nan;nan;nan;nan;nan;nan;nan;nan;nan
4.281957566579116303e+00;nan;nan;nan;nan;nan;nan;nan;nan;nan
-2.218174262229446470e+02;nan;nan;nan;nan;nan;nan;nan;nan;nan
4.006017312909021300e+00;nan;nan;nan;nan;nan;nan;nan;nan;nan
-5.084578484469950865e+01;nan;nan;nan;nan;nan;nan;nan;nan;nan
-8.622984389943669115e+00;nan;nan;nan;nan;nan;nan;nan;nan;nan
3.929868105514587207e+00;nan;nan;nan;nan;nan;nan;nan;nan;nan
2.741127182060062495e+01;nan;nan;nan;nan;nan;nan;nan;nan;nan
-4.743097282893623401e+01;nan;nan;nan;nan;nan;nan;nan;nan;nan
-2.824834172449126868e+01;nan;nan;nan;nan;nan;nan;nan;nan;nan
1.179718541010743804e+00;nan;nan;nan;nan;nan;nan;nan;nan;nan
9.153756890143970315e-01;nan;nan;nan;nan;nan;nan;nan;nan;nan
1.371202391594834324e+01;nan;nan;nan;nan;nan;nan;nan;nan;nan
1.188938883305770844e+01;nan;nan;nan;nan;nan;nan;nan;nan;nan
4.429479115974094050e+00;nan;nan;nan;nan;nan;nan;nan;nan;nan
3.149855797640936483e+00;nan;nan;nan;nan;nan;nan;nan;nan;nan
7.594051694446839917e+00;nan;nan;nan;nan;nan;nan;nan;nan;nan
9.627638618417652339e+00;nan;nan;nan;nan;nan;nan;nan;nan;nan
5.150664599932151866e+00;nan;nan;nan;nan;nan;nan;nan;nan;nan
-6.667080310040455871e+00;nan;nan;nan;nan;nan;nan;nan;nan;nan
1.096285022188316693e+00;nan;nan;nan;nan;nan;nan;nan;nan;nan
-2.349669349624265546e+00;nan;nan;nan;nan;nan;nan;nan;nan;nan
2.021011406570968560e+00;nan;nan;nan;nan;nan;nan;nan;nan;nan
8.018865552229576110e+01;nan;nan;nan;nan;nan;nan;nan;nan;nan
6.845029711737955935e+00;nan;nan;nan;nan;nan;nan;nan;nan;nan
2.159711708324898538e+01;nan;nan;nan;nan;nan;nan;nan;nan;nan
-2.086145992793150050e+00;nan;nan;nan;nan;nan;nan;nan;nan;nan
1.368809129919936529e+00;nan;nan;nan;nan;nan;nan;nan;nan;nan
-1.137730052231109390e+01;nan;nan;nan;nan;nan;nan;nan;nan;nan
-3.579583198307253042e+03;nan;nan;nan;nan;nan;nan;nan;nan;nan
3.815694814491707554e+00;nan;nan;nan;nan;nan;nan;nan;nan;nan
-7.211374454431030756e+00;nan;nan;nan;nan;nan;nan;nan;nan;nan
1.600962256188316246e+01;nan;nan;nan;nan;nan;nan;nan;nan;nan
-3.181989134960392818e+00;nan;nan;nan;nan;nan;nan;nan;nan;nan
-1.003019982224767404e+01;nan;nan;nan;nan;nan;nan;nan;nan;nan
2.748577531707768884e+01;nan;nan;nan;nan;nan;nan;nan;nan;nan
-7.311592834611242431e+00;nan;nan;nan;nan;nan;nan;nan;nan;nan
1.481206142970124695e+01;nan;nan;nan;nan;nan;nan;nan;nan;nan
-1.024515461340728351e+01;nan;nan;nan;nan;nan;nan;nan;nan;nan
-9.803156495406328830e-01;nan;nan;nan;nan;nan;nan;nan;nan;nan
1.079036354300631118e+01;nan;nan;nan;nan;nan;nan;nan;nan;nan
1.012394071288828457e+01;nan;nan;nan;nan;nan;nan;nan;nan;nan
3.890028866272225994e+00;nan;nan;nan;nan;nan;nan;nan;nan;nan
1.840448161313646480e+01;nan;nan;nan;nan;nan;nan;nan;nan;nan
6.665641703722747557e+00;nan;nan;nan;nan;nan;nan;nan;nan;nan
7.153292730692003332e+00;nan;nan;nan;nan;nan;nan;nan;nan;nan
-8.986192986339605060e-01;nan;nan;nan;nan;nan;nan;nan;nan;nan
2.087656012985959819e+00;nan;nan;nan;nan;nan;nan;nan;nan;nan
2.313669880902241971e+01;nan;nan;nan;nan;nan;nan;nan;nan;nan
-8.866944732831832710e+00;nan;nan;nan;nan;nan;nan;nan;nan;nan
4.970999487203013878e+00;nan;nan;nan;nan;nan;nan;nan;nan;nan
-1.531314505053824826e+00;nan;nan;nan;nan;nan;nan;nan;nan;nan
1.147810767971209067e+00;nan;nan;nan;nan;nan;nan;nan;nan;nan
-1.810715254328930968e+01;nan;nan;nan;nan;nan;nan;nan;nan;nan
1.979022630217406542e+00;nan;nan;nan;nan;nan;nan;nan;nan;nan
7.905770877499276317e+00;nan;nan;nan;nan;nan;nan;nan;nan;nan
-3.924574166290092370e-01;nan;nan;nan;nan;nan;nan;nan;nan;nan
4.687055150276516713e+01;nan;nan;nan;nan;nan;nan;nan;nan;nan
1.227452811451122283e+00;nan;nan;nan;nan;nan;nan;nan;nan;nan
-3.158678286290577564e+00;nan;nan;nan;nan;nan;nan;nan;nan;nan
3.160160585863125871e+00;nan;nan;nan;nan;nan;nan;nan;nan;nan
9.344930883779174025e+00;nan;nan;nan;nan;nan;nan;nan;nan;nan
5.170324105689961591e+00;nan;nan;nan;nan;nan;nan;nan;nan;nan
-1.519574731138451362e+01;nan;nan;nan;nan;nan;nan;nan;nan;nan
-2.983788197551921595e+00;nan;nan;nan;nan;nan;nan;nan;nan;nan
1.313547494618718936e+01;nan;nan;nan;nan;nan;nan;nan;nan;nan
1.286825861334380505e+01;nan;nan;nan;nan;nan;nan;nan;nan;nan
-2.512044650104186161e+01;nan;nan;nan;nan;nan;nan;nan;nan;nan
-8.233345204101036430e+00;nan;nan;nan;nan;nan;nan;nan;nan;nan
-2.461285956585283152e+00;nan;nan;nan;nan;nan;nan;nan;nan;nan
-7.006781693025518898e+00;nan;nan;nan;nan;nan;nan;nan;nan;nan
2.004063635170582280e+00;nan;nan;nan;nan;nan;nan;nan;nan;nan
8.816271163794381138e+00;nan;nan;nan;nan;nan;nan;nan;nan;nan
-4.900289202810572675e+01;nan;nan;nan;nan;nan;nan;nan;nan;nan
1.085404095001548797e+01;nan;nan;nan;nan;nan;nan;nan;nan;nan
-2.444715440787695115e+01;nan;nan;nan;nan;nan;nan;nan;nan;nan
6.041580963837205331e+00;nan;nan;nan;nan;nan;nan;nan;nan;nan
-1.507847846332028396e+00;nan;nan;nan;nan;nan;nan;nan;nan;nan
-8.688441043547392439e-01;nan;nan;nan;nan;nan;nan;nan;nan;nan
-2.435292604541006600e+00;nan;nan;nan;nan;nan;nan;nan;nan;nan
-1.665427985227214247e+00;nan;nan;nan;nan;nan;nan;nan;nan;nan
1.273531513716966401e+01;nan;nan;nan;nan;nan;nan;nan;nan;nan
-2.993587124542638644e+00;nan;nan;nan;nan;nan;nan;nan;nan;nan
3.097264392027279989e+00;nan;nan;nan;nan;nan;nan;nan;nan;nan
4.371591955297663645e+00;nan;nan;nan;nan;nan;nan;nan;nan;nan
-3.162692809159534768e+00;nan;nan;nan;nan;nan;nan;nan;nan;nan
3.214590456489240800e-01;nan;nan;nan;nan;nan;nan;nan;nan;nan
-1.390260420388258744e+01;nan;nan;nan;nan;nan;nan;nan;nan;nan
6.817785551337127714e+00;nan;nan;nan;nan;nan;nan;nan;nan;nan
-8.690548778638065297e-01;nan;nan;nan;nan;nan;nan;nan;nan;nan
5.407504869085484334e-01;nan;nan;nan;nan;nan;nan;nan;nan;nan
-1.128365327732517009e+01;nan;nan;nan;nan;nan;nan;nan;nan;nan
4.113908761000487857e+00;nan;nan;nan;nan;nan;nan;nan;nan;nan
2.533844014437923953e+00;nan;nan;nan;nan;nan;nan;nan;nan;nan
1.586688782387707342e+01;nan;nan;nan;nan;nan;nan;nan;nan;nan
1.430038523778104365e+00;nan;nan;nan;nan;nan;nan;nan;nan;nan
9.701970001616851391e+01;nan;nan;nan;nan;nan;nan;nan;nan;nan
5.172003721161718204e+01;nan;nan;nan;nan;nan;nan;nan;nan;nan
2.745466273443117444e+00;nan;nan;nan;nan;nan;nan;nan;nan;nan
-7.448753385175787001e-01;nan;nan;nan;nan;nan;nan;nan;nan;nan
7.844578248344415528e+00;nan;nan;nan;nan;nan;nan;nan;nan;nan
3.684761461234477231e+00;nan;nan;nan;nan;nan;nan;nan;nan;nan
6.069111218561058507e-01;nan;nan;nan;nan;nan;nan;nan;nan;nan
3.337221823129606690e+00;nan;nan;nan;nan;nan;nan;nan;nan;nan
1.639817099944764678e+01;nan;nan;nan;nan;nan;nan;nan;nan;nan
1.160621135400350612e+00;nan;nan;nan;nan;nan;nan;nan;nan;nan
-2.069745271855926827e+00;nan;nan;nan;nan;nan;nan;nan;nan;nan
2.401888409732230389e+00;nan;nan;nan;nan;nan;nan;nan;nan;nan
1.559780857978574575e+00;nan;nan;nan;nan;nan;nan;nan;nan;nan
-3.839067123592079245e+00;nan;nan;nan;nan;nan;nan;nan;nan;nan
1.555954653077960437e+01;nan;nan;nan;nan;nan;nan;nan;nan;nan
-6.587815428203901646e+00;nan;nan;nan;nan;nan;nan;nan;nan;nan
-1.222013281018546199e-01;nan;nan;nan;nan;nan;nan;nan;nan;nan
2.746754750684973878e+00;nan;nan;nan;nan;nan;nan;nan;nan;nan
7.879379809263262757e+00;nan;nan;nan;nan;nan;nan;nan;nan;nan
-2.182143211007879502e-02;nan;nan;nan;nan;nan;nan;nan;nan;nan
2.086731489355772240e+00;nan;nan;nan;nan;nan;nan;nan;nan;nan
-1.709437311108337454e+01;nan;nan;nan;nan;nan;nan;nan;nan;nan
-4.062716700054100727e+01;nan;nan;nan;nan;nan;nan;nan;nan;nan
-5.753473404980730344e+00;nan;nan;nan;nan;nan;nan;nan;nan;nan
2.163790653492055682e+01;nan;nan;nan;nan;nan;nan;nan;nan;nan
-4.720154119965108030e+00;nan;nan;nan;nan;nan;nan;nan;nan;nan
-9.158512828789184823e+00;nan;nan;nan;nan;nan;nan;nan;nan;nan
1.418185015502182900e+00;nan;nan;nan;nan;nan;nan;nan;nan;nan
-1.018696995807602335e+01;nan;nan;nan;nan;nan;nan;nan;nan;nan
-5.317548899205638335e+00;nan;nan;nan;nan;nan;nan;nan;nan;nan
3.070896550666559310e+00;nan;nan;nan;nan;nan;nan;nan;nan;nan
-1.117328269975145503e+02;nan;nan;nan;nan;nan;nan;nan;nan;nan
1.527977267396853467e+00;nan;nan;nan;nan;nan;nan;nan;nan;nan
-6.523322010149261274e+00;nan;nan;nan;nan;nan;nan;nan;nan;nan
-5.970923563726817207e+00;nan;nan;nan;nan;nan;nan;nan;nan;nan
-2.630009548181029277e+00;nan;nan;nan;nan;nan;nan;nan;nan;nan
-9.378111074938697556e+00;nan;nan;nan;nan;nan;nan;nan;nan;nan
2.608569007166832066e+01;nan;nan;nan;nan;nan;nan;nan;nan;nan
-1.162750954082303556e+00;nan;nan;nan;nan;nan;nan;nan;nan;nan
-4.422186835780117953e+00;nan;nan;nan;nan;nan;nan;nan;nan;nan
1.551176110145295661e+00;nan;nan;nan;nan;nan;nan;nan;nan;nan
-8.006136781097112021e+00;nan;nan;nan;nan;nan;nan;nan;nan;nan
-3.239466728869038192e+00;nan;nan;nan;nan;nan;nan;nan;nan;nan
8.422580674226544772e+00;nan;nan;nan;nan;nan;nan;nan;nan;nan
-3.969081694896938739e+00;nan;nan;nan;nan;nan;nan;nan;nan;nan
-9.651903607694803711e+00;nan;nan;nan;nan;nan;nan;nan;nan;nan
-6.543550442118379884e+00;nan;nan;nan;nan;nan;nan;nan;nan;nan
5.138873259678902627e+00;nan;nan;nan;nan;nan;nan;nan;nan;nan
-8.122701093431407671e+00;nan;nan;nan;nan;nan;nan;nan;nan;nan
5.339715850043443623e+00;nan;nan;nan;nan;nan;nan;nan;nan;nan
5.119190941950387819e-01;nan;nan;nan;nan;nan;nan;nan;nan;nan
-7.727299787717324397e-01;nan;nan;nan;nan;nan;nan;nan;nan;nan
-2.700615417560655374e+01;nan;nan;nan;nan;nan;nan;nan;nan;nan
1.218440063086408109e+01;nan;nan;nan;nan;nan;nan;nan;nan;nan
-1.905629748565558668e+00;nan;nan;nan;nan;nan;nan;nan;nan;nan
1.510274450745512098e+01;nan;nan;nan;nan;nan;nan;nan;nan;nan
1.342518720204891380e+01;nan;nan;nan;nan;nan;nan;nan;nan;nan
7.257084963216947848e+00;nan;nan;nan;nan;nan;nan;nan;nan;nan
1.196481951993608028e+01;nan;nan;nan;nan;nan;nan;nan;nan;nan
5.397573457765154359e+01;nan;nan;nan;nan;nan;nan;nan;nan;nan
-7.493804833663118004e-01;nan;nan;nan;nan;nan;nan;nan;nan;nan
4.621838685477066555e+00;nan;nan;nan;nan;nan;nan;nan;nan;nan
-7.408720511638211548e+00;nan;nan;nan;nan;nan;nan;nan;nan;nan
1.142099502718055781e+01;nan;nan;nan;nan;nan;nan;nan;nan;nan
-1.213271002003145149e+01;nan;nan;nan;nan;nan;nan;nan;nan;nan
1.050364063436179407e+01;nan;nan;nan;nan;nan;nan;nan;nan;nan
-6.602569180682272076e+01;nan;nan;nan;nan;nan;nan;nan;nan;nan
1.027912825580838430e+01;nan;nan;nan;nan;nan;nan;nan;nan;nan
5.855149918237747997e+00;nan;nan;nan;nan;nan;nan;nan;nan;nan
-8.631142555219842194e+00;nan;nan;nan;nan;nan;nan;nan;nan;nan
-7.271793003789365883e+00;nan;nan;nan;nan;nan;nan;nan;nan;nan
7.661161602340885501e+00;nan;nan;nan;nan;nan;nan;nan;nan;nan
-1.826017819093269934e-01;nan;nan;nan;nan;nan;nan;nan;nan;nan
1.578491684223535807e-01;nan;nan;nan;nan;nan;nan;nan;nan;nan
-2.022722631389721748e+00;nan;nan;nan;nan;nan;nan;nan;nan;nan
2.851091227668712147e+00;nan;nan;nan;nan;nan;nan;nan;nan;nan
-1.528058505675689958e+02;nan;nan;nan;nan;nan;nan;nan;nan;nan
1.138399057068333775e+01;nan;nan;nan;nan;nan;nan;nan;nan;nan
5.414442763672010273e+00;nan;nan;nan;nan;nan;nan;nan;nan;nan
-6.281607895842213907e+00;nan;nan;nan;nan;nan;nan;nan;nan;nan
3.442149402437584715e+00;nan;nan;nan;nan;nan;nan;nan;nan;nan
