# 0;1;2;3;4;5;6;7;8;9;10;
1.215137644310972931e+01;2.401563707358742139e+00;-4.172059468721955433e+00;-2.338446873987894747e+00;-3.887611839849616047e+01;-3.572696490626908172e+01;-1.824024177676884406e+00;1.394772345789564438e-01;5.864941821768081986e+00;4.697646506526604426e+00
-3.727921591439750770e+00;2.733689273820779864e+00;4.421301201332036079e+00;4.349215779467447085e+00;8.966967607757263536e+00;1.221860413869212891e+01;1.402453582688051981e+00;4.691421523283883843e+00;3.764030978876438560e+00;nan
-1.142693565682827384e+01;-1.545771315187111128e+01;-8.610650001200229053e-02;-4.191527539911263034e+01;6.920971845823316926e+00;-1.014004818684277609e+00;-1.028853196222736699e+01;-4.867766232883704802e+00;4.697646506526607979e+00;nan
9.288814770167633128e+00;1.394986219470055744e+01;-2.653554443186800427e+01;2.322371118237714693e+00;3.380905979329514821e+01;-3.381993713069443963e+00;-4.575645894191416119e+01;-2.739588459054641545e-01;nan;nan
2.729093183637740783e+00;7.563670338719353126e+00;-9.779032389545648130e+02;-4.440902198368826603e+00;-5.441708188809828428e+00;1.065771914256017583e+00;6.685814789950470072e+00;5.864941970779693925e+00;nan;nan
1.545762899776493615e+00;3.237636230503243340e+00;1.191985475041200671e+00;-4.708838395618152539e+00;4.590123724038775777e+00;3.019469927255977737e+00;5.864930526687897050e+00;3.764030990949071231e+00;nan;nan
-1.013293831706866044e+00;4.804026288285967006e+00;3.743895133467942227e+00;5.859124320364195881e+01;3.320824403414330384e+00;-6.768816219369864218e-01;2.122843479853289850e+01;2.122843479851834658e+01;nan;nan
-2.425167724685573400e+00;-1.686763717814429242e+01;2.102684880042283488e+00;7.059965482432641437e+00;-9.740244758550417714e+00;-5.805927795950038828e-01;4.691421523288481055e+00;nan;nan;nan
1.403889343263531542e+00;-2.047110774935250732e-01;2.322371118237728904e+00;-5.340868534180769345e-01;1.022369907893066099e+01;-1.757443506585629978e+00;-1.915934260548653567e+00;nan;nan;nan
-9.853475068468245723e+00;7.809235239958504771e+00;-6.022626072691860344e+00;6.053136400176857990e+01;7.242983715921030630e+00;1.022369907893065744e+01;-1.396850534365839849e+02;nan;nan;nan
-8.379945268185327478e+00;-4.449724234228843445e-01;-4.158503381038316959e+00;1.281580516329981378e+00;-1.329771743403163731e+00;-1.824024182948543071e+00;-4.867766266837167066e+00;nan;nan;nan
-1.673984466158862316e+00;1.558770855775346398e+01;4.678450635994975570e+00;9.176554571531975180e-01;5.256544767262992579e+00;5.168021713722458799e+01;2.017425091426211026e+01;nan;nan;nan
2.313637847639790301e+00;-1.124165874027009959e+00;5.505321101619755630e+00;-1.610356083678277317e+00;5.859124320364204408e+01;-9.495825203803651249e+00;-2.739575964198149860e-01;nan;nan;nan
-2.116856894142982171e+00;5.390332518936752360e-01;-2.189596963655606743e+01;3.630408046420543933e+00;5.532504396777829569e+00;5.256544767262868234e+00;3.764030989354226087e+00;nan;nan;nan
-6.612700116864301663e+02;-1.473478797035874521e+01;-1.041083513306260810e+00;2.134567938531189757e+00;2.047407692260963685e+01;3.764030989360592550e+00;1.394772345789564438e-01;nan;nan;nan
7.728742836170694464e-01;2.799038058662105755e+01;-4.819906068502429086e+00;5.957316258615608717e+01;-1.470991310724533641e+01;2.017425091425847228e+01;nan;nan;nan;nan
-1.186268059715987100e+01;6.363280482362560520e+01;7.874087632128116354e+00;-3.455985392849014204e+01;1.211464391186380141e+01;-7.498314801895411996e+00;nan;nan;nan;nan
-1.952650366387811331e+01;1.875954118004744986e+00;-6.262820105017438799e+00;-1.981052283326209817e+01;-7.498314820521863489e+00;-9.740405109946024709e+00;nan;nan;nan;nan
-5.493589942969979489e+00;3.686715928981439561e+01;-1.207255143224443203e-02;-6.268099539464857095e+00;-4.905750321332694952e+00;-4.575664204738291119e+01;nan;nan;nan;nan
2.748056286042748209e+00;-1.363815397300418297e+01;2.848874229423167481e+00;-7.832893646211137373e+00;2.093042091420019801e+01;2.122843479853282744e+01;nan;nan;nan;nan
-6.242901332680608206e+00;3.783894113576436791e+00;-1.036885042190436934e+01;2.346173001121789614e+00;1.630448925772202795e+00;1.402453582688306888e+00;nan;nan;nan;nan
-6.745190445298302251e+00;-2.687931387400158023e+00;-3.277105064461966144e+00;-3.661158017595970815e+00;2.543344922680155094e+02;-4.867766266837110223e+00;nan;nan;nan;nan
-1.927763514247742727e+00;-3.346896394793352769e+00;-3.041997498611453210e+01;6.704026914115701619e-01;-1.014991335159955099e+00;5.864930529226296763e+00;nan;nan;nan;nan
-5.858987117348583240e+00;2.414792778551914765e+00;-1.021684137683721971e+01;9.189778796856618470e+00;-3.530683837739898578e+00;6.636405400454620462e+00;nan;nan;nan;nan
-1.327639817826451285e+01;1.419780112733755040e+00;-1.631342910390354950e+00;6.836283979926548682e+00;7.963343608214448643e+00;-2.739575963441563955e-01;nan;nan;nan;nan
1.334422538344035347e+00;-1.757443504783737120e+00;1.925062759472656593e+00;1.192612474553903290e+01;1.366844636910809374e+00;-1.915934260470437023e+00;nan;nan;nan;nan
-5.577408422999492466e+00;3.250391353903269476e+01;3.800879218652441693e+01;-3.745053956629451619e+00;3.764030989360591661e+00;1.394772345789241363e-01;nan;nan;nan;nan
8.972343920045560139e-01;3.565093456129813654e-01;8.340251533177326593e+00;6.735572347089416212e+00;5.000359782719879576e+00;4.691421523293824336e+00;nan;nan;nan;nan
3.747197007363081700e-01;6.588244090098951844e+00;-4.146097903429207321e+01;-5.572907756781328992e-01;-7.408748673391690076e+00;-1.028853196222736699e+01;nan;nan;nan;nan
-2.528696806644676442e+00;2.980097413659619665e+00;7.930503690622626500e+00;3.380905979329364186e+01;-2.007512845731528106e+00;-1.396850534367004002e+02;nan;nan;nan;nan
3.762258001296718835e+00;3.452285031324972664e+00;2.761416711503590360e+00;-6.415902388575119852e-01;-3.968022123453881278e+01;2.543344922668972856e+02;nan;nan;nan;nan
7.917376030696155809e+00;-1.457787970876044170e+01;-8.206249652412699547e+00;7.824396141355454581e+00;1.221860413869150364e+01;nan;nan;nan;nan;nan
-1.111443092499558460e+01;-1.411993096486527399e+01;-2.147132678566508801e+01;2.569255416109752499e+00;1.348797610322828611e+01;nan;nan;nan;nan;nan
1.707078349098503978e+00;-1.122632706123920965e+00;-4.816378664070741777e+00;-3.522213939777242953e+00;3.019469927241425822e+00;nan;nan;nan;nan;nan
-4.053735488571784451e+00;-1.963592451322154275e+01;-1.794185616271762651e+00;-2.457266544822708010e+00;6.783745752028792708e+00;nan;nan;nan;nan;nan
1.006673980353269687e-01;-6.485976564907025121e+00;5.921959201619047874e+00;1.895745477184767580e+01;2.123209690790782744e+01;nan;nan;nan;nan;nan
-4.117990505583509986e+01;3.500265066104050220e+02;1.411634962858939080e+00;7.607858610096108753e-01;-3.382695617366318963e+00;nan;nan;nan;nan;nan
-2.905405626660280127e+00;4.897676131237750918e-01;-3.132579728155470811e+00;-3.335820617474821947e+00;-3.455985392848974413e+01;nan;nan;nan;nan;nan
-5.839872060688322563e+03;-8.791227385923821913e+00;-2.069840364915739528e+00;2.123209690789532189e+01;-2.457266334644188088e+00;nan;nan;nan;nan;nan
2.844781404456339757e+00;8.436359367714437951e+01;-1.874657843982956251e+01;-2.627504813070408218e+01;1.402454051940478230e+00;nan;nan;nan;nan;nan
-2.026293527251601834e+00;-5.579011264548294768e-01;2.394317893686296883e-01;2.108520961492825663e+01;6.626322065151995844e+00;nan;nan;nan;nan;nan
4.924606570696631103e+00;-1.012074075204390800e-01;5.455983512693775239e+00;1.398104819411427790e+01;-5.591839712149384578e-01;nan;nan;nan;nan;nan
-1.057584238981687008e+01;2.298475583463965322e+01;4.516351681243277483e+01;-1.920889552218348895e+00;-1.824024182948543071e+00;nan;nan;nan;nan;nan
-1.834798158677064972e+00;2.101673696657918811e+01;-5.335124425887295407e-01;-9.740244758550417714e+00;7.607858610095540319e-01;nan;nan;nan;nan;nan
1.121358571162156892e+01;-1.516523722593130952e+00;1.007745545127714948e+01;-1.329771362341254592e+00;-6.768816219369861997e-01;nan;nan;nan;nan;nan
3.666076285485647190e+01;-2.990248523940739034e+01;4.848464260030499418e+01;-3.636810984360672183e+00;-2.934293412861723738e-01;nan;nan;nan;nan;nan
-2.113402009897044909e-01;-3.920573722883809342e+00;-3.646721920325122213e-01;1.620023083917403639e+01;-3.572696490626908172e+01;nan;nan;nan;nan;nan
-1.446530200962209634e+01;2.906317014180144653e+00;4.747867610485988266e+00;1.211464391205458213e+01;-1.396850534367005139e+02;nan;nan;nan;nan;nan
-2.748010556373250868e+00;-1.850535160564581929e+02;-2.443796080416771321e+00;6.936737268217140207e-01;-4.575664204738296803e+01;nan;nan;nan;nan;nan
8.802572885308027395e+00;-1.233577000922770450e+00;7.726400386624476369e+00;-2.018180971208619390e+00;-1.920889552218483898e+00;nan;nan;nan;nan;nan
-5.449846111996686782e-01;3.333764302001034796e+00;-1.832178210611384728e+01;6.920900381262129031e+00;1.394772362996881121e-01;nan;nan;nan;nan;nan
-1.665097983775011770e+01;1.007576781787776987e+00;-7.987737756046869864e-02;3.877168113774196456e+00;-2.739575963438721784e-01;nan;nan;nan;nan;nan
1.018149552644381828e+01;-2.069848708694444817e+00;-1.098560882805250216e+00;5.538620707806040144e+01;4.691424334700370125e+00;nan;nan;nan;nan;nan
-2.805126368417798055e+00;-5.692251186531121832e+00;-5.395613692961909180e+00;-3.382241458378469012e+00;-9.495825251448440696e+00;nan;nan;nan;nan;nan
1.732032224276008003e+00;-1.007759399174169568e+00;-1.573579816261665698e+01;-8.753088248243134473e+00;2.017425091414205696e+01;nan;nan;nan;nan;nan
-1.353154057867661564e+01;-9.266486158458498323e+00;-7.498314814952444785e+00;-2.739575963452364205e-01;5.864930529254718472e+00;nan;nan;nan;nan;nan
6.943125968879281240e-01;2.903855773807928919e+00;-6.627187090277464776e+00;1.419578285459274447e+00;1.065771914259413977e+00;nan;nan;nan;nan;nan
4.157532732884888560e+00;5.718876111264661333e+00;8.911982738096847712e+00;-4.868060901619843506e+00;-1.028853196222736699e+01;nan;nan;nan;nan;nan
1.114983567857414926e+01;-6.006872825310313191e-01;1.355035732385977987e+01;7.963343608243552474e+00;-4.867766266837110223e+00;nan;nan;nan;nan;nan
-1.006969752875365032e+01;-6.191622884676102778e+00;5.859124320363286387e+01;5.609976440492240535e+00;-5.805927795949825665e-01;nan;nan;nan;nan;nan
-1.484983211915750090e+01;-2.260020158757003017e+00;-3.838033831199552104e-01;-1.470991310724533641e+01;4.848609482277146299e+01;nan;nan;nan;nan;nan
-1.484103123354267306e-01;-8.610650373729258900e-02;-1.809619787695456283e+00;-3.842337229137363863e+01;-1.757443502569301375e+00;nan;nan;nan;nan;nan
-5.439043633750922879e+01;-1.569632843202404704e+00;-3.455985392849012783e+01;8.966967607749987579e+00;nan;nan;nan;nan;nan;nan
1.535810256466632495e+00;4.701105863379307692e+00;6.216374475119824439e+00;4.695743079265210618e+00;nan;nan;nan;nan;nan;nan
-6.622665325566546635e+00;6.724616630125208161e+00;-1.262092015572986980e+01;1.019790692513286068e+01;nan;nan;nan;nan;nan;nan
-6.755993716932130688e+00;5.508899992725779526e+01;4.020731278615385929e-01;-1.124883226639447287e+00;nan;nan;nan;nan;nan;nan
9.380970825694422643e+00;-8.681463388931547343e+00;5.225221864331284394e+01;-7.498314820521920332e+00;nan;nan;nan;nan;nan;nan
-2.552778414477304381e+01;-5.453378274254909286e+00;2.775563860270306993e-01;-2.521930931741247939e+00;nan;nan;nan;nan;nan;nan
-1.208432539308005801e-02;2.134567934928453870e+00;-1.470991310724535417e+01;-2.143995135803285024e+01;nan;nan;nan;nan;nan;nan
-5.048394733678190249e+00;2.091776576286616063e+00;4.734987839508207230e+00;3.019469927241416940e+00;nan;nan;nan;nan;nan;nan
-3.017868309947850491e+00;5.656208103829902356e+00;2.419423882205266274e+00;-4.219337637611692671e+00;nan;nan;nan;nan;nan;nan
-5.457670403092050719e+02;1.398124843055852118e+01;5.323141643090161246e+00;3.968022123453826566e+01;nan;nan;nan;nan;nan;nan
-3.743257313479261938e+00;-1.636201140228740636e+00;1.756152328787795591e+00;-3.887611839837974514e+01;nan;nan;nan;nan;nan;nan
1.213228656406279384e+02;-9.464521312037170730e+00;2.221020961492825663e+01;6.598779824469057864e+00;nan;nan;nan;nan;nan;nan
-5.380661791295780816e+00;-5.289723651588690956e+00;-3.382241465829049609e+00;-7.408748673391661654e+00;nan;nan;nan;nan;nan;nan
4.503816470787578297e+00;-2.149017430646023907e+00;3.964888015549070666e+00;1.065771913168105600e+00;nan;nan;nan;nan;nan;nan
4.190289280108569869e+01;-1.158877394547193234e+02;-3.637089395483180443e+00;8.640010081846847712e+00;nan;nan;nan;nan;nan;nan
7.635576551390911959e+00;-8.178883717441303602e+00;7.963343608699209319e+00;-5.591511750948636728e-01;nan;nan;nan;nan;nan;nan
3.495949348717672489e+00;-1.220992216738479641e+01;1.106756378367417781e+01;1.394772363106020485e-01;nan;nan;nan;nan;nan;nan
-6.416935865821652207e+00;-4.655925179115261159e+01;2.065419390774589203e+01;-1.396850534367005707e+02;nan;nan;nan;nan;nan;nan
2.805879484737532348e-01;1.463395580679277685e+01;-2.521930931624832617e+00;-4.905750321332787323e+00;nan;nan;nan;nan;nan;nan
3.135830832285722636e+01;-1.104246894189336281e+01;-2.126838746044091266e+01;5.865034002918048550e+00;nan;nan;nan;nan;nan;nan
3.536961748474017675e+00;-4.254544014163881727e+00;-5.441708472994180923e+00;2.047407692522250144e+01;nan;nan;nan;nan;nan;nan
1.619205107678693878e+01;-1.638768873421506456e+01;-1.500672343197718384e+01;-1.757443505363269098e+00;nan;nan;nan;nan;nan;nan
2.506066457893782129e+00;-1.055223325194831752e+00;-5.885708152856174138e+02;3.320824403414628812e+00;nan;nan;nan;nan;nan;nan
-2.641290088304982575e+00;3.884776805933451094e+00;-2.593876252439929786e+01;2.372540366595660144e-01;nan;nan;nan;nan;nan;nan
-2.395534164839428826e+01;-1.255041997119085551e+01;-1.172316229458719050e+01;4.692282385704258374e+00;nan;nan;nan;nan;nan;nan
-6.019746198753123778e+00;6.275524613731606749e+00;1.687735027963482182e+01;2.543344922680155094e+02;nan;nan;nan;nan;nan;nan
-1.085720771383865646e+01;-1.074331364632472408e+01;3.620078959948443753e+00;1.022430608767448845e+01;nan;nan;nan;nan;nan;nan
4.823937365762400731e+00;5.864850897396547857e+00;9.511811958658728372e+01;-2.007512845731528106e+00;nan;nan;nan;nan;nan;nan
-2.613456977571013695e+00;4.053378134790088794e+00;-1.240494076934537393e+00;-9.495825251546666124e+00;nan;nan;nan;nan;nan;nan
1.244746110943151240e+00;-2.667555022982257107e+00;4.897676131237777564e-01;2.126107472719907605e+02;nan;nan;nan;nan;nan;nan
-8.555264977777310875e+00;-1.574305629805096984e+01;1.898154073049603241e+01;-7.575325131571055692e-01;nan;nan;nan;nan;nan;nan
-4.171508174784172951e+01;3.877168117027917305e+00;-1.837739428925242180e+01;5.000357398534088560e+00;nan;nan;nan;nan;nan;nan
7.726400386624703742e+00;3.747219749441240144e-01;-1.872616338026753091e+00;-4.569414204738296803e+01;nan;nan;nan;nan;nan;nan
7.481240461431868383e+00;-1.828336248760499672e+01;-1.059343101832973488e+01;6.783745751956033132e+00;nan;nan;nan;nan;nan;nan
-7.435620462701572286e+00;-1.774890045625495461e+01;5.379660159631110616e+01;-5.441708291968355482e+00;nan;nan;nan;nan;nan;nan
-2.106816128677060806e+00;-1.343324117731842016e+00;1.281579801074244074e+00;-1.809584263327170151e+00;nan;nan;nan;nan;nan;nan
4.820790530444178934e+00;-4.683651293152938599e+00;-2.781972931224948198e+01;-3.530683838572995725e+00;nan;nan;nan;nan;nan;nan
-7.547133730446635269e+00;1.349757300016819705e+01;2.093042306078311299e+01;-2.934293412862469808e-01;nan;nan;nan;nan;nan;nan
-1.388163596476784889e+00;5.388736622989054759e+00;1.096066597080403326e+01;1.366844636910752531e+00;nan;nan;nan;nan;nan;nan
-5.635406855075110855e+00;-9.779032432735150451e+02;-5.289720790565741737e+00;2.899337775775499004e+00;nan;nan;nan;nan;nan;nan
2.619731808622836056e+00;2.775563863031291767e-01;-6.938629635869483891e+00;2.093042306078487513e+01;nan;nan;nan;nan;nan;nan
5.473291931026667889e+00;-1.039354266661932158e+01;1.012130163210808220e+01;1.228563717495623919e+01;nan;nan;nan;nan;nan;nan
8.758204013486643902e+00;-5.716645859614090597e+01;2.234990056785227708e+01;1.575334696724915773e+00;nan;nan;nan;nan;nan;nan
-6.354251531634754535e+00;3.933604125979413446e+00;6.053136400176857990e+01;4.590123724038889463e+00;nan;nan;nan;nan;nan;nan
4.164676786056359958e+01;4.601355997831429789e+00;5.000357398534088560e+00;2.874963725735367959e+00;nan;nan;nan;nan;nan;nan
-4.661717026981025747e+00;-1.359869993299284374e+01;-2.249766453278918998e+00;5.532504396796019464e+00;nan;nan;nan;nan;nan;nan
1.096066597102054985e+01;4.253122373496771047e+01;2.932770867668232029e+00;1.402454051911374400e+00;nan;nan;nan;nan;nan;nan
-1.187283213474567845e+01;3.751434693435877321e+00;1.973076302324026301e+02;1.299254048234053371e+01;nan;nan;nan;nan;nan;nan
-2.146887981893681019e+00;-1.565033153758909101e+01;1.801538214098536539e+00;1.975765494787999899e+00;nan;nan;nan;nan;nan;nan
2.998123868579892104e+00;3.340512953871119795e+00;-4.517851704738296803e+01;4.848610744405499418e+01;nan;nan;nan;nan;nan;nan
2.371316905477442560e+01;3.964888015549127509e+00;-4.487441890774723419e+01;-3.572696490626908172e+01;nan;nan;nan;nan;nan;nan
9.358976146305121313e-01;5.552526197845093492e+00;-3.522213939777242953e+00;-6.768816194357478722e-01;nan;nan;nan;nan;nan;nan
3.009155823436747035e+00;-1.370517676672439578e+01;1.671857439523185995e+00;2.017425091414223459e+01;nan;nan;nan;nan;nan;nan
-2.024960332575380662e+01;1.192612481032415950e+01;4.726993079265210618e+00;-1.028853196222736699e+01;nan;nan;nan;nan;nan;nan
-5.003575389345114921e+00;1.203975730277938005e+01;1.192612474553903290e+01;-1.824024179256904077e+00;nan;nan;nan;nan;nan;nan
-2.438160638629129462e+00;-2.087689364197239161e+00;-1.026270975530952700e+00;1.630448925772209900e+00;nan;nan;nan;nan;nan;nan
-6.779905367722780341e+01;1.233498301428077593e+00;1.840744387619683980e-02;1.348817867217469235e+01;nan;nan;nan;nan;nan;nan
2.419346664034165073e+01;-1.169053105038403872e+00;2.325169668041535243e+00;1.220921712239511692e+01;nan;nan;nan;nan;nan;nan
-6.462810210096861852e+00;-1.375473241011249215e+01;3.019469927239974538e+00;-3.590232213568339859e+01;nan;nan;nan;nan;nan;nan
1.229888641929917092e+00;-1.530617076470824678e+01;4.297061796320684302e+00;7.242983715921034182e+00;nan;nan;nan;nan;nan;nan
1.301332667754691252e+00;9.085726600673098119e+00;8.371616773563586378e+01;3.762819776878288280e+00;nan;nan;nan;nan;nan;nan
-5.532481933217708203e+00;-3.554517781957370559e+00;1.366844636910390154e+00;5.256544767261173590e+00;nan;nan;nan;nan;nan;nan
-2.676173659446428044e-01;-1.453800541426608106e+01;-4.644464911850014754e-01;-1.407115969305976978e+04;nan;nan;nan;nan;nan;nan
7.443823499321821080e-01;-7.976872280824935935e+00;5.865034002865297857e+00;nan;nan;nan;nan;nan;nan;nan
1.173721460378935610e+01;-6.627187090161049454e+00;-3.661158017595967262e+00;nan;nan;nan;nan;nan;nan;nan
4.406552550813044888e+01;-9.152064415359310701e+00;-4.708838395617982009e+00;nan;nan;nan;nan;nan;nan;nan
-8.986953212942914604e+00;5.254302648477064075e+00;4.216211929081048027e+00;nan;nan;nan;nan;nan;nan;nan
-9.414061747066197938e+01;1.056785135022356936e+00;1.220921707769163334e+01;nan;nan;nan;nan;nan;nan;nan
-9.336658728483681102e+01;-6.022626126344771791e+00;2.126107472719910447e+02;nan;nan;nan;nan;nan;nan;nan
-6.935143712011145212e+00;-1.021684137683721971e+01;1.855225095315417683e+00;nan;nan;nan;nan;nan;nan;nan
1.515256264812813392e+01;-5.336743329602690267e+00;-7.450243534180769345e-01;nan;nan;nan;nan;nan;nan;nan
6.275524613975607124e+00;1.539138055429354335e+00;-1.863505925591080015e+01;nan;nan;nan;nan;nan;nan;nan
3.305156956995523920e+00;-1.718233884313822957e+00;2.372540366595659034e-01;nan;nan;nan;nan;nan;nan;nan
-3.030990198070242503e+00;2.932204712445709127e+00;-3.572695309647247797e+01;nan;nan;nan;nan;nan;nan;nan
-1.478383802161343130e+00;8.827364994441080626e+01;1.211464636050163080e+01;nan;nan;nan;nan;nan;nan;nan
1.181690862103272899e+00;1.065771913181406960e+00;-1.392602911444368488e+02;nan;nan;nan;nan;nan;nan;nan
-1.613052195758148400e+03;-2.645017679010376876e-01;-4.285116863285680644e-01;nan;nan;nan;nan;nan;nan;nan
4.995369572081731491e+00;-1.968876252439929786e+01;-5.094028868960377210e+00;nan;nan;nan;nan;nan;nan;nan
5.026428486503781379e+00;-1.974484918153121882e+01;1.575334696724944195e+00;nan;nan;nan;nan;nan;nan;nan
-1.920415746706123805e+00;-4.510132455675788798e-01;5.532503308997226199e+00;nan;nan;nan;nan;nan;nan;nan
-2.109108097352732969e+00;-1.098560882805253769e+00;6.836283979926520260e+00;nan;nan;nan;nan;nan;nan;nan
9.279308776011617965e+00;2.234990056785227708e+01;-1.167213569752938440e+00;nan;nan;nan;nan;nan;nan;nan
5.300932084553016566e+00;1.568532174452980499e+01;-5.475358987581937509e-01;nan;nan;nan;nan;nan;nan;nan
-8.716076200560396003e+00;5.534890421011893658e+00;9.176554569410925177e-01;nan;nan;nan;nan;nan;nan;nan
5.132309992895633499e+00;2.322371118237799958e+00;5.538620707806131094e+01;nan;nan;nan;nan;nan;nan;nan
1.555307648592899383e+00;-7.152291650606176887e+00;-7.408748673391690076e+00;nan;nan;nan;nan;nan;nan;nan
2.136052924718480384e+01;-2.488995176117294150e+00;1.228563717496351515e+01;nan;nan;nan;nan;nan;nan;nan
-1.366170815233936242e+00;-1.335091396913600192e+01;-3.335820617481870531e+00;nan;nan;nan;nan;nan;nan;nan
-1.592182445399138402e+01;4.924606571325546689e+00;2.543344922747093904e+02;nan;nan;nan;nan;nan;nan;nan
1.477830282279517782e+01;1.650146970315415906e+00;-2.905938686811078142e+01;nan;nan;nan;nan;nan;nan;nan
3.877086605356966587e+00;4.501158368066759508e+00;2.017425470369379070e+01;nan;nan;nan;nan;nan;nan;nan
-1.233577000919132471e+00;8.339892225223742628e+01;-1.648775957625376432e+00;nan;nan;nan;nan;nan;nan;nan
-3.745029240629325074e+00;-3.397488672930816023e+00;-8.757156009067114155e+01;nan;nan;nan;nan;nan;nan;nan
-7.956509808151310814e+00;5.609976426549409645e+00;-2.627712523336521500e+01;nan;nan;nan;nan;nan;nan;nan
2.188249295009472917e+01;-8.557567182169489861e-01;-5.887530024238889936e+00;nan;nan;nan;nan;nan;nan;nan
-4.188223080876586124e+00;1.014323039471291509e+03;-1.329771362341246155e+00;nan;nan;nan;nan;nan;nan;nan
-8.288568375553353462e-01;-5.439043633750945617e+01;5.032815785801197705e+00;nan;nan;nan;nan;nan;nan;nan
1.797867546236818770e+00;3.897358152381333873e+00;-9.676565976524599932e+00;nan;nan;nan;nan;nan;nan;nan
-2.337689364193746400e+00;4.104080952916935132e+01;-6.415902388574551418e-01;nan;nan;nan;nan;nan;nan;nan
-8.686644731238306605e-01;4.273124128579353531e+00;3.877168113774200009e+00;nan;nan;nan;nan;nan;nan;nan
-3.572694889983203126e+01;-5.037658913654073922e-01;6.933532428855926355e+00;nan;nan;nan;nan;nan;nan;nan
-5.079306197761584762e+00;8.706217173186775682e+00;1.349757300016819705e+01;nan;nan;nan;nan;nan;nan;nan
-5.498853562218702917e-01;7.485725530783023274e+00;5.508620701722535529e+01;nan;nan;nan;nan;nan;nan;nan
1.297473776510892307e+01;-9.686294829994949396e+00;4.349215786801612360e+00;nan;nan;nan;nan;nan;nan;nan
-7.828601070664880091e+00;-4.517546183358329159e+01;6.768120751956033132e+00;nan;nan;nan;nan;nan;nan;nan
-2.426639640119888863e+00;-1.298418570494295210e+01;2.047407692521886347e+01;nan;nan;nan;nan;nan;nan;nan
-3.514260776637571748e+00;2.297813459904683775e+00;-2.018134947942724189e+00;nan;nan;nan;nan;nan;nan;nan
4.300340774314684644e+00;4.874812184206403387e+00;-4.905750321019921145e+00;nan;nan;nan;nan;nan;nan;nan
-4.460973736055102279e+00;-2.573914772216362223e+01;-1.980520570197188590e+01;nan;nan;nan;nan;nan;nan;nan
-2.643427026821122183e+00;-7.257610480904346240e-01;1.786403326073657816e+00;nan;nan;nan;nan;nan;nan;nan
-2.474420038653578402e+00;6.944008559170736561e+00;-4.213780689091422005e+00;nan;nan;nan;nan;nan;nan;nan
-4.604093276054008754e+00;9.511811913955244790e+01;1.630448927405662385e+00;nan;nan;nan;nan;nan;nan;nan
6.758308027934563089e-01;-3.534989248236551695e+00;3.627092120822399401e+00;nan;nan;nan;nan;nan;nan;nan
-4.810485537874101603e+00;-1.136130614326942512e+00;6.735572345599663890e+00;nan;nan;nan;nan;nan;nan;nan
-3.494443426735378111e+00;-2.295306372950296847e+01;-1.565033153758909101e+01;nan;nan;nan;nan;nan;nan;nan
-1.560989690305921229e+01;-2.007518970816820403e+00;2.873080457379044717e+00;nan;nan;nan;nan;nan;nan;nan
7.954100071516738701e+00;-1.230843597441297864e-02;-5.494161376958818899e+00;nan;nan;nan;nan;nan;nan;nan
-1.445522162004299949e+00;8.911982723195686518e+00;-1.160412202357790967e+00;nan;nan;nan;nan;nan;nan;nan
-1.469816753382863439e+00;2.231715420053108573e+03;4.837661657064451504e+00;nan;nan;nan;nan;nan;nan;nan
6.161601842367594450e-01;-8.753088246817046780e+00;-6.768816194357478722e-01;nan;nan;nan;nan;nan;nan;nan
1.767687485519806589e+00;1.569551636144979501e+00;9.333586588536665118e+00;nan;nan;nan;nan;nan;nan;nan
1.095801371768418520e+00;5.539864304283565133e+01;-7.575325131571055692e-01;nan;nan;nan;nan;nan;nan;nan
-1.963592451275588147e+01;3.179168591109378106e+00;-4.867485180355958008e+00;nan;nan;nan;nan;nan;nan;nan
1.231180068059787232e+02;1.007715027549589948e+01;-3.836633085534374032e+01;nan;nan;nan;nan;nan;nan;nan
-2.241481576970118628e+00;2.126977118470225747e+00;-1.257402487539026126e+01;nan;nan;nan;nan;nan;nan;nan
-3.430840371945675482e+00;4.969456971265135081e+00;6.943125968784326085e-01;nan;nan;nan;nan;nan;nan;nan
-1.593944015539402237e+00;-1.989057826882174851e+01;3.913137715408704587e+00;nan;nan;nan;nan;nan;nan;nan
-4.125530741248978472e+01;6.612104236431434856e+00;-4.058544947318112861e+01;nan;nan;nan;nan;nan;nan;nan
-3.020975605202990266e+01;-1.208254097902709476e-02;4.253122376104474256e+01;nan;nan;nan;nan;nan;nan;nan
-6.461082770498388861e+00;-3.941360968479520999e+00;-3.842337229137409338e+01;nan;nan;nan;nan;nan;nan;nan
-4.489232834825131135e+00;-2.748010556373247315e+00;7.824396141460955967e+00;nan;nan;nan;nan;nan;nan;nan
-7.875833738769161130e+01;-6.566231766059325015e-01;-3.745053969496115798e+00;nan;nan;nan;nan;nan;nan;nan
-1.433479078888876046e+00;-3.329823084974594849e+01;-9.495825250932533379e+00;nan;nan;nan;nan;nan;nan;nan
6.429279388482154189e-01;-1.975548495639322777e+00;1.419787742128286290e+00;nan;nan;nan;nan;nan;nan;nan
4.229322333262675038e+00;1.975117794602656351e+00;-2.739575966781114813e-01;nan;nan;nan;nan;nan;nan;nan
1.301975836345844684e+01;5.741710128921851286e+00;6.598779824469057864e+00;nan;nan;nan;nan;nan;nan;nan
-9.445939354674363742e+00;1.650115014307926842e+00;-7.832895159086452175e+00;nan;nan;nan;nan;nan;nan;nan
-6.756021092060777722e-01;-9.676565980052743043e+00;5.256544767251680739e+00;nan;nan;nan;nan;nan;nan;nan
5.102343702931844405e+01;-2.392440145734815893e+00;-1.610355461001563571e+00;nan;nan;nan;nan;nan;nan;nan
-3.309030308381424312e+00;3.008739591052567164e+00;5.957316259352600696e+01;nan;nan;nan;nan;nan;nan;nan
2.871075621949550083e+01;1.139516055539254147e+01;-6.044522457307722085e+00;nan;nan;nan;nan;nan;nan;nan
-4.415517073045273300e+00;-2.309221467387557958e+00;-1.878084376158732638e-01;nan;nan;nan;nan;nan;nan;nan
-3.181441274409615261e+01;2.686672214790738478e-01;3.799551248144614757e-01;nan;nan;nan;nan;nan;nan;nan
2.191660768772499601e+00;6.765461176566041956e+00;-4.191527539945812464e+01;nan;nan;nan;nan;nan;nan;nan
-2.024112452895939995e+00;1.801538214214951861e+00;3.009796878790176322e+01;nan;nan;nan;nan;nan;nan;nan
-5.749482746197031702e+00;-2.584433030482537674e+01;1.394772363101330903e-01;nan;nan;nan;nan;nan;nan;nan
-5.395050740251451593e+00;4.105397800133651742e+00;2.123209690788395321e+01;nan;nan;nan;nan;nan;nan;nan
-5.153725276771938368e+00;3.763158623634409672e+00;1.019790692622789230e+01;nan;nan;nan;nan;nan;nan;nan
2.802051586869718225e+00;-4.144413095583089124e+00;1.235599300661279987e+00;nan;nan;nan;nan;nan;nan;nan
-2.577274230457582860e+00;4.421309244233790459e+00;1.402453943479600618e+00;nan;nan;nan;nan;nan;nan;nan
-1.892157568338167728e+00;-5.887530024133104334e+00;3.968022123453823724e+01;nan;nan;nan;nan;nan;nan;nan
7.901479737470207709e+00;5.455983512577359917e+00;6.704026914911793700e-01;nan;nan;nan;nan;nan;nan;nan
1.460714535501297107e+01;2.619728336652277889e+00;4.238462359162654458e+00;nan;nan;nan;nan;nan;nan;nan
-4.326275566947719753e+00;8.694625263877496124e+00;5.609976440492297378e+00;nan;nan;nan;nan;nan;nan;nan
1.207203808917517840e+01;1.095801371796900625e+00;-1.920889552429351665e+00;nan;nan;nan;nan;nan;nan;nan
1.240915689223895058e+01;3.800879218987135744e+01;1.976504003787347585e+00;nan;nan;nan;nan;nan;nan;nan
6.294692874518568182e+00;9.200489918875842221e+00;4.692282385664240607e+00;nan;nan;nan;nan;nan;nan;nan
-2.837158682754770780e+02;-6.354310584207500057e+00;-1.028852871682808257e+01;nan;nan;nan;nan;nan;nan;nan
-4.907926534977489652e+00;2.697349327336719504e+00;4.590123724038889463e+00;nan;nan;nan;nan;nan;nan;nan
-7.192460334484954032e+00;4.349205543184614164e+00;3.251707181196512586e+00;nan;nan;nan;nan;nan;nan;nan
-1.436940031333029832e+00;-4.665710315738744640e+01;1.065771913171743579e+00;nan;nan;nan;nan;nan;nan;nan
-8.450485731548306179e-01;1.687482439523185995e+00;3.375016192401749038e+01;nan;nan;nan;nan;nan;nan;nan
6.604962783739458665e+00;1.620080601804620457e+01;-4.421861017758169865e+00;nan;nan;nan;nan;nan;nan;nan
4.222634863293906804e+00;-3.544118926251798918e+00;2.686672214790711832e-01;nan;nan;nan;nan;nan;nan;nan
-1.496865215843665101e+04;-5.338939123152920407e-01;-5.579011272406328992e-01;nan;nan;nan;nan;nan;nan;nan
1.014818666616642107e+00;1.063904933746291093e+01;-8.753088248243134473e+00;nan;nan;nan;nan;nan;nan;nan
8.366199214689039820e+00;1.320965864216383290e+00;2.346173001120652746e+00;nan;nan;nan;nan;nan;nan;nan
-6.712467806704154327e+02;1.184011729099541199e+01;8.966967607749987579e+00;nan;nan;nan;nan;nan;nan;nan
-3.266692450848911022e+00;1.012130163210808220e+01;1.620080601810441223e+01;nan;nan;nan;nan;nan;nan;nan
3.917182724973467423e+00;4.644407358209384995e+00;7.607858610087013806e-01;nan;nan;nan;nan;nan;nan;nan
-3.034445544500183889e+00;-1.863534641132941871e+01;3.762820885152152073e+00;nan;nan;nan;nan;nan;nan;nan
-1.241134984262092900e+00;4.491704739711614991e+00;2.569255416109793355e+00;nan;nan;nan;nan;nan;nan;nan
-1.303443980179963102e+00;4.494089534200489844e+00;-1.823296493039302746e+00;nan;nan;nan;nan;nan;nan;nan
1.141149593614135327e+01;-4.146097903205107826e+01;2.134567938653744168e+00;nan;nan;nan;nan;nan;nan;nan
-1.411993096416678206e+01;-7.376159629099274806e-01;2.950328156122274059e+00;nan;nan;nan;nan;nan;nan;nan
1.177462419384482040e+00;-3.637089395483187548e+00;7.059965482432641437e+00;nan;nan;nan;nan;nan;nan;nan
1.663058169464898262e+00;-1.506100010043831006e+01;-2.338446873988349495e+00;nan;nan;nan;nan;nan;nan;nan
-2.195574718413318394e+01;-1.392801275702180988e+02;1.299253892091165952e+01;nan;nan;nan;nan;nan;nan;nan
-3.522213939720058473e+00;-1.257402487539117075e+01;-3.887612179724148120e+01;nan;nan;nan;nan;nan;nan;nan
-4.510132455669949025e-01;-2.272895678458196844e+00;-1.757443504783737120e+00;nan;nan;nan;nan;nan;nan;nan
-1.137847433497175986e+00;3.655089525891153546e+00;1.398104819410950306e+01;nan;nan;nan;nan;nan;nan;nan
5.458990704067288036e+00;-1.036885042146451497e+01;-3.530683838573052569e+00;nan;nan;nan;nan;nan;nan;nan
-5.343744616570379691e+00;3.844820599357650970e+00;7.242983715920636278e+00;nan;nan;nan;nan;nan;nan;nan
1.508492359015669360e+00;-1.329771362342780927e+00;9.189778796856611365e+00;nan;nan;nan;nan;nan;nan;nan
-6.201485858086112302e+00;2.461793350783414880e+01;-2.934297054333736554e-01;nan;nan;nan;nan;nan;nan;nan
-2.987693329704814715e+00;-2.021196714949714313e+00;-2.007512712329118987e+00;nan;nan;nan;nan;nan;nan;nan
-2.295305943673458771e+01;-4.241326006083601108e+00;-2.457256179383441985e+00;nan;nan;nan;nan;nan;nan;nan
4.288195304474667680e+00;3.311332658325176759e+00;-1.407142385321601978e+04;nan;nan;nan;nan;nan;nan;nan
1.839957255659954161e+00;-1.262088615448696061e+01;nan;nan;nan;nan;nan;nan;nan;nan
-1.298418538336017747e+01;3.743895133467942227e+00;nan;nan;nan;nan;nan;nan;nan;nan
3.337860765951472963e+00;1.355035732385992553e+01;nan;nan;nan;nan;nan;nan;nan;nan
-1.020475895107108499e+01;1.403986557370860533e+00;nan;nan;nan;nan;nan;nan;nan;nan
4.227701563905529270e+01;1.925158898970711574e+00;nan;nan;nan;nan;nan;nan;nan;nan
5.939811255971683579e+00;-2.523861098862059293e+01;nan;nan;nan;nan;nan;nan;nan;nan
1.595795334802943266e+01;-2.395534164839428826e+01;nan;nan;nan;nan;nan;nan;nan;nan
6.216137254221553832e+00;6.933532428855940566e+00;nan;nan;nan;nan;nan;nan;nan;nan
1.364868707820737770e-01;-3.278254056101604696e+00;nan;nan;nan;nan;nan;nan;nan;nan
-1.136082575310994613e+01;4.726763448413092483e+00;nan;nan;nan;nan;nan;nan;nan;nan
-5.678214606140237208e+00;-9.142828155132571855e-01;nan;nan;nan;nan;nan;nan;nan;nan
1.920747791249369785e+00;2.761416711503590360e+00;nan;nan;nan;nan;nan;nan;nan;nan
5.633587907929170413e+00;4.678450635994861884e+00;nan;nan;nan;nan;nan;nan;nan;nan
5.902764752490556877e-01;-5.333837370934393363e+00;nan;nan;nan;nan;nan;nan;nan;nan
-2.206412817997387421e+00;5.464266177657542300e+00;nan;nan;nan;nan;nan;nan;nan;nan
2.950328089961081979e+00;1.477830663749244344e+01;nan;nan;nan;nan;nan;nan;nan;nan
-1.508138365094327860e+00;-3.887612179669578438e+01;nan;nan;nan;nan;nan;nan;nan;nan
-2.411600790020580920e+00;-1.920889552440038228e+00;nan;nan;nan;nan;nan;nan;nan;nan
3.877168117007681047e+00;5.921898166462797874e+00;nan;nan;nan;nan;nan;nan;nan;nan
9.094608234582923778e-01;-1.823296491758734206e+00;nan;nan;nan;nan;nan;nan;nan;nan
5.286965356019973115e+02;-1.327639817827906477e+01;nan;nan;nan;nan;nan;nan;nan;nan
-2.092353098194336347e+00;-2.189596966578904613e+01;nan;nan;nan;nan;nan;nan;nan;nan
3.655089548252842935e+00;1.855262196842544675e+00;nan;nan;nan;nan;nan;nan;nan;nan
6.954064147364092952e-01;4.501170505592765991e+00;nan;nan;nan;nan;nan;nan;nan;nan
-8.826226985786390644e-01;3.801954507421958507e-01;nan;nan;nan;nan;nan;nan;nan;nan
-3.615693443239191840e+00;-3.041955691378097271e+01;nan;nan;nan;nan;nan;nan;nan;nan
1.801538214214941203e+00;-2.981097953988983562e+01;nan;nan;nan;nan;nan;nan;nan;nan
2.514701651691303219e+00;-2.072719800583066263e+00;nan;nan;nan;nan;nan;nan;nan;nan
1.161590587528378649e+01;2.323663328295164199e+00;nan;nan;nan;nan;nan;nan;nan;nan
1.525790181064777151e+00;2.123209675535055041e+01;nan;nan;nan;nan;nan;nan;nan;nan
-9.683367497998688123e+00;4.747867610484169276e+00;nan;nan;nan;nan;nan;nan;nan;nan
7.809235239967784459e+00;-6.938629638343309480e+00;nan;nan;nan;nan;nan;nan;nan;nan
-9.071457791596218456e+00;1.293587497177153711e+00;nan;nan;nan;nan;nan;nan;nan;nan
2.763013875710835343e+00;-9.069713120322916433e-01;nan;nan;nan;nan;nan;nan;nan;nan
-8.065963465851911707e+00;-6.304857445241879299e-01;nan;nan;nan;nan;nan;nan;nan;nan
-2.484109763709254071e-01;-4.421861017762603652e+00;nan;nan;nan;nan;nan;nan;nan;nan
3.968612261230600069e+00;-8.206249650608262058e+00;nan;nan;nan;nan;nan;nan;nan;nan
-2.956333113597915396e-01;-6.649694036545019671e+00;nan;nan;nan;nan;nan;nan;nan;nan
-1.056015465866517467e+01;-4.582979872592031434e+00;nan;nan;nan;nan;nan;nan;nan;nan
4.430122563016901438e+00;-6.238067665561744413e+00;nan;nan;nan;nan;nan;nan;nan;nan
7.472651649817119157e+00;5.622455335650577979e+00;nan;nan;nan;nan;nan;nan;nan;nan
4.238462370804882973e+00;-4.166864406026573420e+01;nan;nan;nan;nan;nan;nan;nan;nan
2.993838586503652532e+00;-1.872616338026525717e+00;nan;nan;nan;nan;nan;nan;nan;nan
-4.575179715876672937e+00;-2.739575968116082505e-01;nan;nan;nan;nan;nan;nan;nan;nan
-4.241328896908872714e+00;-1.610355461001563571e+00;nan;nan;nan;nan;nan;nan;nan;nan
9.211098983800052764e+00;1.786887269146598012e+00;nan;nan;nan;nan;nan;nan;nan;nan
2.476285811252396662e-01;-1.613052195758148400e+03;nan;nan;nan;nan;nan;nan;nan;nan
8.339885195571770993e+00;1.840744387579893587e-02;nan;nan;nan;nan;nan;nan;nan;nan
2.158673001120652746e+00;2.394317895074413172e-01;nan;nan;nan;nan;nan;nan;nan;nan
6.617889006429409360e-01;4.502948311646663981e+00;nan;nan;nan;nan;nan;nan;nan;nan
8.194556596144543903e+00;3.251707181211519249e+00;nan;nan;nan;nan;nan;nan;nan;nan
3.125188208431843417e+00;5.113880629592725313e+01;nan;nan;nan;nan;nan;nan;nan;nan
3.497110584104040854e+00;1.410962857159161477e+00;nan;nan;nan;nan;nan;nan;nan;nan
-6.075820314907664610e+00;-1.084660524429102857e+01;nan;nan;nan;nan;nan;nan;nan;nan
1.544741167132124104e+01;-7.131802375206011124e-01;nan;nan;nan;nan;nan;nan;nan;nan
-1.139522570500719922e+01;2.017461847809316566e+01;nan;nan;nan;nan;nan;nan;nan;nan
-1.193812030504626875e+01;2.929780898160509572e+00;nan;nan;nan;nan;nan;nan;nan;nan
-9.574108294379795936e+00;-2.270738344163417466e+00;nan;nan;nan;nan;nan;nan;nan;nan
-2.671346185324438682e+00;3.803929305043552422e-01;nan;nan;nan;nan;nan;nan;nan;nan
-1.879285160564581929e+02;3.847437774290224599e+00;nan;nan;nan;nan;nan;nan;nan;nan
-1.135006365063310341e+01;-3.891865294020875332e+00;nan;nan;nan;nan;nan;nan;nan;nan
4.285182927285332788e+00;-1.648775957625377764e+00;nan;nan;nan;nan;nan;nan;nan;nan
8.429678761231940598e+00;1.448732285520946483e+01;nan;nan;nan;nan;nan;nan;nan;nan
-1.175761216848017767e+02;2.236195854864013199e+01;nan;nan;nan;nan;nan;nan;nan;nan
-2.339596966578904613e+01;6.598779824467960076e+00;nan;nan;nan;nan;nan;nan;nan;nan
-1.363815397299801546e+01;3.099325925980930307e+01;nan;nan;nan;nan;nan;nan;nan;nan
-3.747605923254957005e+00;5.379660159631175986e+01;nan;nan;nan;nan;nan;nan;nan;nan
-1.109384532296866510e+01;-2.089483823629456083e+02;nan;nan;nan;nan;nan;nan;nan;nan
2.848849433135520304e+00;1.235599299962788056e+00;nan;nan;nan;nan;nan;nan;nan;nan
-3.248734870900213068e+00;4.020731274395330512e-01;nan;nan;nan;nan;nan;nan;nan;nan
-3.020126949527875304e+00;-4.707927846151541473e+00;nan;nan;nan;nan;nan;nan;nan;nan
-8.957274239169988661e+00;4.848470363546124418e+01;nan;nan;nan;nan;nan;nan;nan;nan
-2.450562420845162137e+01;2.221021617635323864e+01;nan;nan;nan;nan;nan;nan;nan;nan
4.734987839809562615e+00;-1.794183208706728205e+00;nan;nan;nan;nan;nan;nan;nan;nan
3.897358152379742258e+00;-6.032940132036273440e+00;nan;nan;nan;nan;nan;nan;nan;nan
-1.337703882673030864e-01;-6.768816194357478722e-01;nan;nan;nan;nan;nan;nan;nan;nan
1.062053426011481072e+01;-2.997046440167476788e-01;nan;nan;nan;nan;nan;nan;nan;nan
1.198649408540490569e-01;1.345640455090818932e+01;nan;nan;nan;nan;nan;nan;nan;nan
1.217520404549373048e+00;-1.066528628117655764e+01;nan;nan;nan;nan;nan;nan;nan;nan
-4.879032456394241990e+00;2.065419390774589203e+01;nan;nan;nan;nan;nan;nan;nan;nan
2.686794750997585801e+00;7.726400386624476369e+00;nan;nan;nan;nan;nan;nan;nan;nan
2.591376597795744807e+00;3.407709894662487926e+01;nan;nan;nan;nan;nan;nan;nan;nan
-2.461106927361552366e+01;-3.572694889983200284e+01;nan;nan;nan;nan;nan;nan;nan;nan
-4.484664171975534686e+01;-5.495421749558109248e+00;nan;nan;nan;nan;nan;nan;nan;nan
2.580927404308408057e+00;-4.373589501955629899e+00;nan;nan;nan;nan;nan;nan;nan;nan
-3.014203963454699320e+00;-2.126838746045508799e+01;nan;nan;nan;nan;nan;nan;nan;nan
1.818447688239885807e+01;4.590078601474701259e+00;nan;nan;nan;nan;nan;nan;nan;nan
3.325396571190118777e+00;2.332891660312729698e+01;nan;nan;nan;nan;nan;nan;nan;nan
1.702552651583152388e+00;5.032815785796225683e+00;nan;nan;nan;nan;nan;nan;nan;nan
4.514032048772669725e+01;1.228563718276243222e+01;nan;nan;nan;nan;nan;nan;nan;nan
8.993758022783705286e+00;5.957315687148010852e+01;nan;nan;nan;nan;nan;nan;nan;nan
2.410189989349734052e+00;5.132309992895292439e+00;nan;nan;nan;nan;nan;nan;nan;nan
-4.836983334497432452e+00;-1.487779899805242723e+00;nan;nan;nan;nan;nan;nan;nan;nan
-2.730147532362344975e+00;-2.521932462020653354e+00;nan;nan;nan;nan;nan;nan;nan;nan
-4.976872280824935935e+00;-3.803362298453391332e+01;nan;nan;nan;nan;nan;nan;nan;nan
-3.976371617098272804e+00;-5.885708293202627601e+02;nan;nan;nan;nan;nan;nan;nan;nan
2.047407701800187496e+01;3.968022123453816619e+01;nan;nan;nan;nan;nan;nan;nan;nan
-3.484733642923440122e+00;-2.338446873941746773e+00;nan;nan;nan;nan;nan;nan;nan;nan
1.087736090150905444e+00;1.693455170152913247e+00;nan;nan;nan;nan;nan;nan;nan;nan
-2.204457489741720622e+00;3.913137715360430313e+00;nan;nan;nan;nan;nan;nan;nan;nan
6.646307116915277646e+00;-2.627712515862657838e+01;nan;nan;nan;nan;nan;nan;nan;nan
-4.655516151050445472e+01;-7.575325131570460613e-01;nan;nan;nan;nan;nan;nan;nan;nan
-6.189885628669364870e+00;-4.285116863284472721e-01;nan;nan;nan;nan;nan;nan;nan;nan
3.885291849086878635e+00;-1.504461587726106409e+01;nan;nan;nan;nan;nan;nan;nan;nan
2.123942177379170015e+00;-8.815822398994398457e-01;nan;nan;nan;nan;nan;nan;nan;nan
-7.391341611892480401e+00;-4.516940417223105442e+01;nan;nan;nan;nan;nan;nan;nan;nan
5.464265849430667288e+00;-4.213775920719839974e+00;nan;nan;nan;nan;nan;nan;nan;nan
1.477824330934014618e+01;-1.059343101832973488e+01;nan;nan;nan;nan;nan;nan;nan;nan
2.932770867668175185e+00;-2.653554443186800427e+01;nan;nan;nan;nan;nan;nan;nan;nan
-6.014183704743329528e+00;-3.335820617481870531e+00;nan;nan;nan;nan;nan;nan;nan;nan
-9.918849075542052196e-01;-4.425645662008288461e+00;nan;nan;nan;nan;nan;nan;nan;nan
1.117604932091121217e+00;-3.745029240791215130e+00;nan;nan;nan;nan;nan;nan;nan;nan
-1.375473241011249215e+01;-1.697989380751093336e+01;nan;nan;nan;nan;nan;nan;nan;nan
4.454483576062526762e-01;2.324277028881378993e+00;nan;nan;nan;nan;nan;nan;nan;nan
-1.457782224890789990e+01;-2.018257018255224189e+00;nan;nan;nan;nan;nan;nan;nan;nan
-5.356436959509046147e+01;-5.094327920364376538e+00;nan;nan;nan;nan;nan;nan;nan;nan
-1.914239142922336878e+00;1.096066597080409011e+01;nan;nan;nan;nan;nan;nan;nan;nan
4.501170505554567214e+00;6.646307116924287328e+00;nan;nan;nan;nan;nan;nan;nan;nan
-1.155029416181477231e+01;-1.160412202357833600e+00;nan;nan;nan;nan;nan;nan;nan;nan
-1.216790069304809263e+00;-4.820193361336366777e+00;nan;nan;nan;nan;nan;nan;nan;nan
-2.662662270129061870e+00;7.036511858997946511e+00;nan;nan;nan;nan;nan;nan;nan;nan
-1.480156312787037853e+00;6.216137254221553832e+00;nan;nan;nan;nan;nan;nan;nan;nan
-1.368145290849286511e+01;-2.561595235607581067e+00;nan;nan;nan;nan;nan;nan;nan;nan
1.387688619947927027e+00;-3.661158017595977920e+00;nan;nan;nan;nan;nan;nan;nan;nan
3.250391353327013633e+01;-3.842337229137406496e+01;nan;nan;nan;nan;nan;nan;nan;nan
-5.094463879296652564e+00;3.614270505941533429e+00;nan;nan;nan;nan;nan;nan;nan;nan
1.569505791281927021e+00;-3.522213939722673270e+00;nan;nan;nan;nan;nan;nan;nan;nan
-1.862049683176104919e-01;1.898154073032868538e+01;nan;nan;nan;nan;nan;nan;nan;nan
-2.523861098908848533e+01;-1.462406715997972917e+01;nan;nan;nan;nan;nan;nan;nan;nan
4.150515523217642055e+01;-1.980520570197188590e+01;nan;nan;nan;nan;nan;nan;nan;nan
-1.545774923249363297e+01;-4.058544947849985363e+01;nan;nan;nan;nan;nan;nan;nan;nan
-9.042132867420055176e-01;-7.832895159086452175e+00;nan;nan;nan;nan;nan;nan;nan;nan
5.159197926334985418e+00;-3.464615763942762783e+01;nan;nan;nan;nan;nan;nan;nan;nan
-3.670573923024462726e+00;-1.039547496449636954e+00;nan;nan;nan;nan;nan;nan;nan;nan
-1.275149796893332299e+00;5.225221864331281552e+01;nan;nan;nan;nan;nan;nan;nan;nan
9.114836582498481832e+00;-1.810536841161185295e+00;nan;nan;nan;nan;nan;nan;nan;nan
6.104828713734965495e-01;5.000357398534102771e+00;nan;nan;nan;nan;nan;nan;nan;nan
8.333213842915597525e+01;-5.627128781038700289e+00;nan;nan;nan;nan;nan;nan;nan;nan
4.571639553978340764e+00;1.019790692622789230e+01;nan;nan;nan;nan;nan;nan;nan;nan
-6.272080870242646711e+00;1.211464636050106236e+01;nan;nan;nan;nan;nan;nan;nan;nan
-9.651737826432940537e+00;-1.874657844847340016e+01;nan;nan;nan;nan;nan;nan;nan;nan
4.202103839347745229e+00;-7.987737756956364565e-02;nan;nan;nan;nan;nan;nan;nan;nan
4.033114376362615161e+00;4.018853749622033433e+01;nan;nan;nan;nan;nan;nan;nan;nan
6.765461176566040180e+00;-1.574334532558756772e+00;nan;nan;nan;nan;nan;nan;nan;nan
7.521610804440626019e+00;-1.878084380486306493e-01;nan;nan;nan;nan;nan;nan;nan;nan
-1.329191651410893904e+01;1.786403326073657816e+00;nan;nan;nan;nan;nan;nan;nan;nan
1.614118538093858035e+01;-1.631341913082120731e+00;nan;nan;nan;nan;nan;nan;nan;nan
5.830769704928453478e+00;-7.409861900906670407e+00;nan;nan;nan;nan;nan;nan;nan;nan
4.154373999082771607e-01;-8.757156009114953576e+01;nan;nan;nan;nan;nan;nan;nan;nan
2.761340010430932690e+00;6.943125968783784296e-01;nan;nan;nan;nan;nan;nan;nan;nan
-6.768816194355684601e-01;-4.905750321018329529e+00;nan;nan;nan;nan;nan;nan;nan;nan
4.874812184206442467e+00;1.188814879507952282e+00;nan;nan;nan;nan;nan;nan;nan;nan
-5.994809341738745190e-02;-2.956332368539855704e-01;nan;nan;nan;nan;nan;nan;nan;nan
-2.010397262680875929e+00;8.819793193313183011e+00;nan;nan;nan;nan;nan;nan;nan;nan
-3.041955691377954452e+01;2.093042306078311299e+01;nan;nan;nan;nan;nan;nan;nan;nan
5.435682982622193293e+00;-1.028853528591186262e+01;nan;nan;nan;nan;nan;nan;nan;nan
-3.842337229133279664e+01;5.859179422508133683e+01;nan;nan;nan;nan;nan;nan;nan;nan
-1.462412819513597917e+01;1.402453943479599729e+00;nan;nan;nan;nan;nan;nan;nan;nan
1.161292875356365784e+01;-1.041100902961374031e+00;nan;nan;nan;nan;nan;nan;nan;nan
2.017480240553878978e+00;-3.646721916994968282e-01;nan;nan;nan;nan;nan;nan;nan;nan
-8.908299059615407245e+00;4.300340774315025705e+00;nan;nan;nan;nan;nan;nan;nan;nan
5.225221864331280131e+01;-1.026271339678079375e+00;nan;nan;nan;nan;nan;nan;nan;nan
-3.941360968479517446e+00;4.734987839809562615e+00;nan;nan;nan;nan;nan;nan;nan;nan
7.035751184521322976e+00;2.848874229421945348e+00;nan;nan;nan;nan;nan;nan;nan;nan
-1.634756840128041899e+00;-4.867598571991708312e+00;nan;nan;nan;nan;nan;nan;nan;nan
-2.135670501644043817e+00;5.256544717291317781e+00;nan;nan;nan;nan;nan;nan;nan;nan
-3.689288146734683416e+00;6.836283979926541576e+00;nan;nan;nan;nan;nan;nan;nan;nan
-1.169053104963825307e+00;3.009796878790142216e+01;nan;nan;nan;nan;nan;nan;nan;nan
-2.299317948205023221e+00;1.394734216128674653e-01;nan;nan;nan;nan;nan;nan;nan;nan
-1.097670963661693975e+02;1.106756378367417781e+01;nan;nan;nan;nan;nan;nan;nan;nan
-9.152064423435652074e+00;-2.160125328181878857e+01;nan;nan;nan;nan;nan;nan;nan;nan
3.157449511888313354e-01;4.238462359163350790e+00;nan;nan;nan;nan;nan;nan;nan;nan
-5.435079617645071082e+00;2.873080457379041164e+00;nan;nan;nan;nan;nan;nan;nan;nan
1.012130097180037680e+01;-4.644464911850015865e-01;nan;nan;nan;nan;nan;nan;nan;nan
-2.249955659026116717e+00;-1.988958656409612225e+00;nan;nan;nan;nan;nan;nan;nan;nan
-1.989057856684497239e+01;-1.338953593197718384e+01;nan;nan;nan;nan;nan;nan;nan;nan
-2.573279228894249826e+01;2.102684880042283488e+00;nan;nan;nan;nan;nan;nan;nan;nan
3.640037039497531879e+00;-5.443395481881710296e+00;nan;nan;nan;nan;nan;nan;nan;nan
-1.506100010043849480e+01;-3.132579728239144323e+00;nan;nan;nan;nan;nan;nan;nan;nan
-7.354315777920502839e+00;-6.400189344825558457e+00;nan;nan;nan;nan;nan;nan;nan;nan
-1.038288917131086109e+01;-3.602976057344702276e+00;nan;nan;nan;nan;nan;nan;nan;nan
3.929511073174044355e+00;2.950327946682924640e+00;nan;nan;nan;nan;nan;nan;nan;nan
-1.036885042146448654e+01;1.527051343098648850e+01;nan;nan;nan;nan;nan;nan;nan;nan
3.707447275911312623e+00;2.569255415866281478e+00;nan;nan;nan;nan;nan;nan;nan;nan
1.857036207672458517e+01;4.692282385664240607e+00;nan;nan;nan;nan;nan;nan;nan;nan
-5.316484588375632647e+00;4.514007634710169725e+01;nan;nan;nan;nan;nan;nan;nan;nan
1.575334693952804344e+00;2.543344925617313663e+02;nan;nan;nan;nan;nan;nan;nan;nan
7.887235971471609375e+00;7.874087632128116354e+00;nan;nan;nan;nan;nan;nan;nan;nan
1.748894931734301661e+00;-3.838036687116441747e-01;nan;nan;nan;nan;nan;nan;nan;nan
3.056810127788480269e+00;5.532503308997311464e+00;nan;nan;nan;nan;nan;nan;nan;nan
-4.867588208234097991e+00;-1.097670963661686017e+02;nan;nan;nan;nan;nan;nan;nan;nan
-2.317723238800207497e+01;3.375016192399884574e+01;nan;nan;nan;nan;nan;nan;nan;nan
3.901326535391283379e+00;-2.882277251125222595e-01;nan;nan;nan;nan;nan;nan;nan;nan
1.296421104927397039e+01;8.966965354367042451e+00;nan;nan;nan;nan;nan;nan;nan;nan
2.221021619432871930e+01;-6.859390405074661246e-01;nan;nan;nan;nan;nan;nan;nan;nan
3.808643333626217764e+00;-1.838032397675242180e+01;nan;nan;nan;nan;nan;nan;nan;nan
9.772189756495830437e+00;1.687735019495722710e+01;nan;nan;nan;nan;nan;nan;nan;nan
-8.650664011186146141e+00;-1.166099457427925756e+00;nan;nan;nan;nan;nan;nan;nan;nan
-1.028856282325774885e+01;1.630448925954904649e+00;nan;nan;nan;nan;nan;nan;nan;nan
-4.058544947849257767e+01;1.973079621408670619e+02;nan;nan;nan;nan;nan;nan;nan;nan
9.429877001053737331e+02;4.180584526639720799e+00;nan;nan;nan;nan;nan;nan;nan;nan
5.961347013103150516e+00;9.176554569410818596e-01;nan;nan;nan;nan;nan;nan;nan;nan
1.620080601888066596e+01;2.126107472719951375e+02;nan;nan;nan;nan;nan;nan;nan;nan
5.388736622988145264e+00;2.047407701800187496e+01;nan;nan;nan;nan;nan;nan;nan;nan
6.836283981483596506e+00;5.505321101620210378e+00;nan;nan;nan;nan;nan;nan;nan;nan
-6.830796790262187557e+00;-1.832177833379175880e+01;nan;nan;nan;nan;nan;nan;nan;nan
1.925158802858679463e+00;-5.475358986933238636e-01;nan;nan;nan;nan;nan;nan;nan;nan
4.104080952916933711e+01;1.973123090267705493e+00;nan;nan;nan;nan;nan;nan;nan;nan
1.320965864216383290e+00;-2.147132678675466266e+01;nan;nan;nan;nan;nan;nan;nan;nan
5.421275047478011366e+00;1.575334688364868896e+00;nan;nan;nan;nan;nan;nan;nan;nan
5.255019275121198596e+00;-2.781972931224951040e+01;nan;nan;nan;nan;nan;nan;nan;nan
2.809302997046618344e+00;6.735572345599663890e+00;nan;nan;nan;nan;nan;nan;nan;nan
1.394986219470055744e+01;6.704026914878682408e-01;nan;nan;nan;nan;nan;nan;nan;nan
-6.166915536052360869e-01;-4.158503381038316959e+00;nan;nan;nan;nan;nan;nan;nan;nan
-4.449724234228203956e-01;2.372540366595374817e-01;nan;nan;nan;nan;nan;nan;nan;nan
2.323645351630342581e+00;-1.172316229458719405e+01;nan;nan;nan;nan;nan;nan;nan;nan
7.873488046654578909e+00;1.299253887527685336e+01;nan;nan;nan;nan;nan;nan;nan;nan
4.011445653796041455e+00;-2.457256181246087134e+00;nan;nan;nan;nan;nan;nan;nan;nan
-1.504461586620342750e+01;-4.172059468707403518e+00;nan;nan;nan;nan;nan;nan;nan;nan
6.458006205086127238e+01;-2.905938686717945885e+01;nan;nan;nan;nan;nan;nan;nan;nan
2.932204712445707351e+00;-6.262820105016245087e+00;nan;nan;nan;nan;nan;nan;nan;nan
4.701106182764743124e+00;-2.443796080474978982e+00;nan;nan;nan;nan;nan;nan;nan;nan
7.246282391561170044e+00;9.333586588536636697e+00;nan;nan;nan;nan;nan;nan;nan;nan
2.298475583463965322e+01;3.762820885152155626e+00;nan;nan;nan;nan;nan;nan;nan;nan
-2.627712520333006196e+01;2.419422734815854348e+00;nan;nan;nan;nan;nan;nan;nan;nan
-1.493720164208291301e+01;-4.743338517688294509e+00;nan;nan;nan;nan;nan;nan;nan;nan
2.204247380042283488e+00;-3.530683838573109412e+00;nan;nan;nan;nan;nan;nan;nan;nan
4.565754472294466515e-01;-4.484664162336346038e+01;nan;nan;nan;nan;nan;nan;nan;nan
-3.014061913817681626e-01;5.323123107041326740e+00;nan;nan;nan;nan;nan;nan;nan;nan
-2.122290713830111031e+01;4.837661657064453280e+00;nan;nan;nan;nan;nan;nan;nan;nan
-3.219794304954325170e+00;7.824396142620789085e+00;nan;nan;nan;nan;nan;nan;nan;nan
-3.548702030416888586e+00;8.339885195579956445e+00;nan;nan;nan;nan;nan;nan;nan;nan
3.564220548083800733e+00;-2.249766371322532432e+00;nan;nan;nan;nan;nan;nan;nan;nan
-5.806069127859705858e+00;-1.750412353059969917e+02;nan;nan;nan;nan;nan;nan;nan;nan
-1.418613710742677281e+00;7.852015483699209319e+00;nan;nan;nan;nan;nan;nan;nan;nan
7.453287640378577272e+00;-1.240494196143826944e+00;nan;nan;nan;nan;nan;nan;nan;nan
-2.095693251553117364e-01;7.930503690623763369e+00;nan;nan;nan;nan;nan;nan;nan;nan
-8.178883717441307155e+00;-9.495825251788595267e+00;nan;nan;nan;nan;nan;nan;nan;nan
-1.988958655360055339e+00;6.768297925702157158e+00;nan;nan;nan;nan;nan;nan;nan;nan
-4.172007879024705268e+00;9.189778796856611365e+00;nan;nan;nan;nan;nan;nan;nan;nan
2.314722337268658503e+00;1.220921707813910473e+01;nan;nan;nan;nan;nan;nan;nan;nan
7.644572329431607471e+00;-3.382241465707539696e+00;nan;nan;nan;nan;nan;nan;nan;nan
2.272440806691526483e+00;2.932770867668232029e+00;nan;nan;nan;nan;nan;nan;nan;nan
-1.251214187741742610e-02;6.053136439084177312e+01;nan;nan;nan;nan;nan;nan;nan;nan
-1.786688550524105690e+00;1.281579801107440630e+00;nan;nan;nan;nan;nan;nan;nan;nan
6.053136319874887761e+01;-7.408748673391661654e+00;nan;nan;nan;nan;nan;nan;nan;nan
3.588761232948059376e+00;8.322934844118371478e-01;nan;nan;nan;nan;nan;nan;nan;nan
-1.863534641132941161e+01;2.346173001120652746e+00;nan;nan;nan;nan;nan;nan;nan;nan
-1.255041998422937155e+01;1.756152310968975394e+00;nan;nan;nan;nan;nan;nan;nan;nan
-5.453378274254980340e+00;-1.407142385321604888e+04;nan;nan;nan;nan;nan;nan;nan;nan
-4.464351494774742690e+00;nan;nan;nan;nan;nan;nan;nan;nan;nan
-2.564755193895385865e+00;nan;nan;nan;nan;nan;nan;nan;nan;nan
-1.136130614326942512e+00;nan;nan;nan;nan;nan;nan;nan;nan;nan
-5.037658913654073922e-01;nan;nan;nan;nan;nan;nan;nan;nan;nan
1.410009485408466823e+00;nan;nan;nan;nan;nan;nan;nan;nan;nan
-1.329278982687510657e+00;nan;nan;nan;nan;nan;nan;nan;nan;nan
1.720023194415349899e+00;nan;nan;nan;nan;nan;nan;nan;nan;nan
-2.488995176117294150e+00;nan;nan;nan;nan;nan;nan;nan;nan;nan
1.558770855739258288e+01;nan;nan;nan;nan;nan;nan;nan;nan;nan
-2.021196714949714313e+00;nan;nan;nan;nan;nan;nan;nan;nan;nan
2.898484680057928919e+00;nan;nan;nan;nan;nan;nan;nan;nan;nan
-1.793359163261888378e+00;nan;nan;nan;nan;nan;nan;nan;nan;nan
-6.213047398881661465e+00;nan;nan;nan;nan;nan;nan;nan;nan;nan
-2.101050463765801979e+01;nan;nan;nan;nan;nan;nan;nan;nan;nan
1.014349390563279840e+01;nan;nan;nan;nan;nan;nan;nan;nan;nan
-3.534989248429036834e+00;nan;nan;nan;nan;nan;nan;nan;nan;nan
1.632132843202404704e+00;nan;nan;nan;nan;nan;nan;nan;nan;nan
-5.627128781359069798e+00;nan;nan;nan;nan;nan;nan;nan;nan;nan
-1.893729798782092999e+01;nan;nan;nan;nan;nan;nan;nan;nan;nan
2.351632879289777023e+01;nan;nan;nan;nan;nan;nan;nan;nan;nan
-1.039547496216806310e+00;nan;nan;nan;nan;nan;nan;nan;nan;nan
5.539864304283579344e+01;nan;nan;nan;nan;nan;nan;nan;nan;nan
2.543344925617313663e+02;nan;nan;nan;nan;nan;nan;nan;nan;nan
5.859966190065629021e+00;nan;nan;nan;nan;nan;nan;nan;nan;nan
2.553453120436903134e+01;nan;nan;nan;nan;nan;nan;nan;nan;nan
-3.893467764895661709e+00;nan;nan;nan;nan;nan;nan;nan;nan;nan
-4.185652084936170247e+00;nan;nan;nan;nan;nan;nan;nan;nan;nan
-1.614317605739501360e+01;nan;nan;nan;nan;nan;nan;nan;nan;nan
-2.521931860891949206e+00;nan;nan;nan;nan;nan;nan;nan;nan;nan
5.864847086424572531e+00;nan;nan;nan;nan;nan;nan;nan;nan;nan
1.419721603091496753e+00;nan;nan;nan;nan;nan;nan;nan;nan;nan
-4.644443454177896724e-01;nan;nan;nan;nan;nan;nan;nan;nan;nan
-7.265256740334859131e+00;nan;nan;nan;nan;nan;nan;nan;nan;nan
3.811120106325776025e+00;nan;nan;nan;nan;nan;nan;nan;nan;nan
-1.084861302449736620e+01;nan;nan;nan;nan;nan;nan;nan;nan;nan
1.688171709521976638e+01;nan;nan;nan;nan;nan;nan;nan;nan;nan
-1.241207998098302401e+00;nan;nan;nan;nan;nan;nan;nan;nan;nan
-4.146097766859482903e+01;nan;nan;nan;nan;nan;nan;nan;nan;nan
-7.152291650215046204e+00;nan;nan;nan;nan;nan;nan;nan;nan;nan
-1.636201140212505623e+00;nan;nan;nan;nan;nan;nan;nan;nan;nan
2.091467257982554173e+00;nan;nan;nan;nan;nan;nan;nan;nan;nan
-1.041100900167406307e+00;nan;nan;nan;nan;nan;nan;nan;nan;nan
-1.774891571504401711e+01;nan;nan;nan;nan;nan;nan;nan;nan;nan
4.501158525228353469e+00;nan;nan;nan;nan;nan;nan;nan;nan;nan
-1.066528628192598127e+01;nan;nan;nan;nan;nan;nan;nan;nan;nan
2.126977988791171725e+00;nan;nan;nan;nan;nan;nan;nan;nan;nan
-2.653554451124600888e+01;nan;nan;nan;nan;nan;nan;nan;nan;nan
4.846337399861324968e+01;nan;nan;nan;nan;nan;nan;nan;nan;nan
-2.341386410232142001e+00;nan;nan;nan;nan;nan;nan;nan;nan;nan
-1.736584712820189447e+00;nan;nan;nan;nan;nan;nan;nan;nan;nan
2.235118230613352708e+01;nan;nan;nan;nan;nan;nan;nan;nan;nan
-2.018300051564642317e+00;nan;nan;nan;nan;nan;nan;nan;nan;nan
-6.846432937989279210e+00;nan;nan;nan;nan;nan;nan;nan;nan;nan
-3.838182020860965160e-01;nan;nan;nan;nan;nan;nan;nan;nan;nan
-6.938653718619798738e+00;nan;nan;nan;nan;nan;nan;nan;nan;nan
-3.535997835679021151e-01;nan;nan;nan;nan;nan;nan;nan;nan;nan
4.160141163732017588e+00;nan;nan;nan;nan;nan;nan;nan;nan;nan
3.099325925980929597e+01;nan;nan;nan;nan;nan;nan;nan;nan;nan
3.763338524372997096e+00;nan;nan;nan;nan;nan;nan;nan;nan;nan
4.494089534200488067e+00;nan;nan;nan;nan;nan;nan;nan;nan;nan
3.452285024298046068e+00;nan;nan;nan;nan;nan;nan;nan;nan;nan
-1.518771492722586061e+02;nan;nan;nan;nan;nan;nan;nan;nan;nan
-1.810526898907377102e+01;nan;nan;nan;nan;nan;nan;nan;nan;nan
4.020731277135491943e-01;nan;nan;nan;nan;nan;nan;nan;nan;nan
-4.964277920247517351e+00;nan;nan;nan;nan;nan;nan;nan;nan;nan
-2.861624303625540211e+00;nan;nan;nan;nan;nan;nan;nan;nan;nan
7.485725530783350123e+00;nan;nan;nan;nan;nan;nan;nan;nan;nan
-6.304857445234614000e-01;nan;nan;nan;nan;nan;nan;nan;nan;nan
3.774852102335086101e+01;nan;nan;nan;nan;nan;nan;nan;nan;nan
2.049643783215539194e+00;nan;nan;nan;nan;nan;nan;nan;nan;nan
-1.132403442366799462e+00;nan;nan;nan;nan;nan;nan;nan;nan;nan
4.681972206897521693e-01;nan;nan;nan;nan;nan;nan;nan;nan;nan
-2.816748921100861835e+00;nan;nan;nan;nan;nan;nan;nan;nan;nan
1.900439608718189888e+01;nan;nan;nan;nan;nan;nan;nan;nan;nan
-2.126838746045457640e+01;nan;nan;nan;nan;nan;nan;nan;nan;nan
3.500168102587024350e+02;nan;nan;nan;nan;nan;nan;nan;nan;nan
-1.453800816809143726e+01;nan;nan;nan;nan;nan;nan;nan;nan;nan
-1.392764158697786456e+02;nan;nan;nan;nan;nan;nan;nan;nan;nan
-3.397488674996278490e+00;nan;nan;nan;nan;nan;nan;nan;nan;nan
2.097377614617969499e+01;nan;nan;nan;nan;nan;nan;nan;nan;nan
-2.950563965618128837e+00;nan;nan;nan;nan;nan;nan;nan;nan;nan
2.297813459671853131e+00;nan;nan;nan;nan;nan;nan;nan;nan;nan
-1.220984670790451077e+01;nan;nan;nan;nan;nan;nan;nan;nan;nan
1.007715027735854463e+01;nan;nan;nan;nan;nan;nan;nan;nan;nan
-3.658050475377878197e+00;nan;nan;nan;nan;nan;nan;nan;nan;nan
1.164624621408438188e+01;nan;nan;nan;nan;nan;nan;nan;nan;nan
1.349757300016819705e+01;nan;nan;nan;nan;nan;nan;nan;nan;nan
4.897676131311931580e-01;nan;nan;nan;nan;nan;nan;nan;nan;nan
4.692282385664183764e+00;nan;nan;nan;nan;nan;nan;nan;nan;nan
-2.882277251129770068e-01;nan;nan;nan;nan;nan;nan;nan;nan;nan
-4.420701349793853652e+00;nan;nan;nan;nan;nan;nan;nan;nan;nan
2.759412066663835539e+00;nan;nan;nan;nan;nan;nan;nan;nan;nan
6.091365800681178833e+00;nan;nan;nan;nan;nan;nan;nan;nan;nan
-5.289723653285189897e+00;nan;nan;nan;nan;nan;nan;nan;nan;nan
7.702800734568027607e+00;nan;nan;nan;nan;nan;nan;nan;nan;nan
1.394734216033177709e-01;nan;nan;nan;nan;nan;nan;nan;nan;nan
8.075005145062812417e-01;nan;nan;nan;nan;nan;nan;nan;nan;nan
-3.920570447747345089e+00;nan;nan;nan;nan;nan;nan;nan;nan;nan
-1.016996637683721971e+01;nan;nan;nan;nan;nan;nan;nan;nan;nan
4.619080150853902467e+01;nan;nan;nan;nan;nan;nan;nan;nan;nan
-5.336743329602605002e+00;nan;nan;nan;nan;nan;nan;nan;nan;nan
8.706209543792244432e+00;nan;nan;nan;nan;nan;nan;nan;nan;nan
-1.051548728021761248e+00;nan;nan;nan;nan;nan;nan;nan;nan;nan
-1.686763717814406505e+01;nan;nan;nan;nan;nan;nan;nan;nan;nan
1.398124843055870592e+01;nan;nan;nan;nan;nan;nan;nan;nan;nan
6.449092249281477507e+00;nan;nan;nan;nan;nan;nan;nan;nan;nan
-6.191622884501479795e+00;nan;nan;nan;nan;nan;nan;nan;nan;nan
8.401819782658770386e-01;nan;nan;nan;nan;nan;nan;nan;nan;nan
1.402453943479621046e+00;nan;nan;nan;nan;nan;nan;nan;nan;nan
-3.935992784388151033e+00;nan;nan;nan;nan;nan;nan;nan;nan;nan
2.332891660312729698e+01;nan;nan;nan;nan;nan;nan;nan;nan;nan
6.573155873616158829e+00;nan;nan;nan;nan;nan;nan;nan;nan;nan
-4.514470011483329159e+01;nan;nan;nan;nan;nan;nan;nan;nan;nan
-2.009068331340588376e+00;nan;nan;nan;nan;nan;nan;nan;nan;nan
-2.392440447228740830e+00;nan;nan;nan;nan;nan;nan;nan;nan;nan
-4.707927846151543250e+00;nan;nan;nan;nan;nan;nan;nan;nan;nan
1.636792974109740673e+00;nan;nan;nan;nan;nan;nan;nan;nan;nan
4.273088738923138230e+00;nan;nan;nan;nan;nan;nan;nan;nan;nan
-1.718111814001322957e+00;nan;nan;nan;nan;nan;nan;nan;nan;nan
2.775563863031292877e-01;nan;nan;nan;nan;nan;nan;nan;nan;nan
1.211464357072429010e+01;nan;nan;nan;nan;nan;nan;nan;nan;nan
-4.598254510495664249e+00;nan;nan;nan;nan;nan;nan;nan;nan;nan
5.070743639042465389e+00;nan;nan;nan;nan;nan;nan;nan;nan;nan
-4.804568361336366777e+00;nan;nan;nan;nan;nan;nan;nan;nan;nan
4.050112637180743214e+00;nan;nan;nan;nan;nan;nan;nan;nan;nan
1.355035732387447744e+01;nan;nan;nan;nan;nan;nan;nan;nan;nan
4.800362842584756429e+00;nan;nan;nan;nan;nan;nan;nan;nan;nan
2.372540366631754605e-01;nan;nan;nan;nan;nan;nan;nan;nan;nan
-4.516991324158499310e+01;nan;nan;nan;nan;nan;nan;nan;nan;nan
5.609976322241281288e+00;nan;nan;nan;nan;nan;nan;nan;nan;nan
-2.573914772216379276e+01;nan;nan;nan;nan;nan;nan;nan;nan;nan
1.106756378367287041e+01;nan;nan;nan;nan;nan;nan;nan;nan;nan
-1.084660524428920958e+01;nan;nan;nan;nan;nan;nan;nan;nan;nan
4.350914527559614164e+00;nan;nan;nan;nan;nan;nan;nan;nan;nan
1.756152310968975838e+00;nan;nan;nan;nan;nan;nan;nan;nan;nan
2.906317014232923768e+00;nan;nan;nan;nan;nan;nan;nan;nan;nan
-1.074329876384656934e+01;nan;nan;nan;nan;nan;nan;nan;nan;nan
2.126414307814682159e-01;nan;nan;nan;nan;nan;nan;nan;nan;nan
7.930503690627856095e+00;nan;nan;nan;nan;nan;nan;nan;nan;nan
-3.373954964668088419e+00;nan;nan;nan;nan;nan;nan;nan;nan;nan
1.139516055539253792e+01;nan;nan;nan;nan;nan;nan;nan;nan;nan
-3.620107190643237605e+00;nan;nan;nan;nan;nan;nan;nan;nan;nan
-1.026271339669552862e+00;nan;nan;nan;nan;nan;nan;nan;nan;nan
-2.271211977571963914e+00;nan;nan;nan;nan;nan;nan;nan;nan;nan
6.604259039657601527e+00;nan;nan;nan;nan;nan;nan;nan;nan;nan
7.362784396170442847e+01;nan;nan;nan;nan;nan;nan;nan;nan;nan
5.505321105371648649e+00;nan;nan;nan;nan;nan;nan;nan;nan;nan
5.379673606747537917e+01;nan;nan;nan;nan;nan;nan;nan;nan;nan
-5.853281859800104847e+00;nan;nan;nan;nan;nan;nan;nan;nan;nan
1.161608621978260558e+01;nan;nan;nan;nan;nan;nan;nan;nan;nan
-1.631341913082689166e+00;nan;nan;nan;nan;nan;nan;nan;nan;nan
-9.356692815815131681e+00;nan;nan;nan;nan;nan;nan;nan;nan;nan
1.687481150182796874e+00;nan;nan;nan;nan;nan;nan;nan;nan;nan
1.650115016811225743e+00;nan;nan;nan;nan;nan;nan;nan;nan;nan
2.624599703452271116e-01;nan;nan;nan;nan;nan;nan;nan;nan;nan
2.093043367040988301e+01;nan;nan;nan;nan;nan;nan;nan;nan;nan
3.614270533369008831e+00;nan;nan;nan;nan;nan;nan;nan;nan;nan
1.429161464903548051e+01;nan;nan;nan;nan;nan;nan;nan;nan;nan
6.477670055758694900e+01;nan;nan;nan;nan;nan;nan;nan;nan;nan
9.601547132186623312e-02;nan;nan;nan;nan;nan;nan;nan;nan;nan
2.478132425716782805e+01;nan;nan;nan;nan;nan;nan;nan;nan;nan
-1.844039907274812318e-01;nan;nan;nan;nan;nan;nan;nan;nan;nan
-9.058116507145890228e-01;nan;nan;nan;nan;nan;nan;nan;nan;nan
-6.815419789324602107e+01;nan;nan;nan;nan;nan;nan;nan;nan;nan
-1.171263373013406905e+01;nan;nan;nan;nan;nan;nan;nan;nan;nan
3.844820599338324207e+00;nan;nan;nan;nan;nan;nan;nan;nan;nan
1.299253887527744666e+01;nan;nan;nan;nan;nan;nan;nan;nan;nan
-3.329823084974596270e+01;nan;nan;nan;nan;nan;nan;nan;nan;nan
-9.860063391713580483e-01;nan;nan;nan;nan;nan;nan;nan;nan;nan
-1.338953593197717673e+01;nan;nan;nan;nan;nan;nan;nan;nan;nan
-9.024847468585470267e+00;nan;nan;nan;nan;nan;nan;nan;nan;nan
1.665191286869199150e+00;nan;nan;nan;nan;nan;nan;nan;nan;nan
8.339892231184207105e+01;nan;nan;nan;nan;nan;nan;nan;nan;nan
1.058452311058038831e+00;nan;nan;nan;nan;nan;nan;nan;nan;nan
-1.335136853999483719e+01;nan;nan;nan;nan;nan;nan;nan;nan;nan
3.803929305043557973e-01;nan;nan;nan;nan;nan;nan;nan;nan;nan
-1.968877682951404395e+01;nan;nan;nan;nan;nan;nan;nan;nan;nan
4.180584526639724352e+00;nan;nan;nan;nan;nan;nan;nan;nan;nan
-1.262088329346401139e+01;nan;nan;nan;nan;nan;nan;nan;nan;nan
4.747867610382305870e+00;nan;nan;nan;nan;nan;nan;nan;nan;nan
5.719852673764661333e+00;nan;nan;nan;nan;nan;nan;nan;nan;nan
-2.300738191434950153e+01;nan;nan;nan;nan;nan;nan;nan;nan;nan
-3.646722382656255590e-01;nan;nan;nan;nan;nan;nan;nan;nan;nan
-9.142828153723707718e-01;nan;nan;nan;nan;nan;nan;nan;nan;nan
-5.887530028267603299e+00;nan;nan;nan;nan;nan;nan;nan;nan;nan
2.387929979331398389e+00;nan;nan;nan;nan;nan;nan;nan;nan;nan
-6.613067665560693698e+00;nan;nan;nan;nan;nan;nan;nan;nan;nan
1.471491674621028034e+00;nan;nan;nan;nan;nan;nan;nan;nan;nan
-6.642395804988586505e+00;nan;nan;nan;nan;nan;nan;nan;nan;nan
-5.443395481877390196e+00;nan;nan;nan;nan;nan;nan;nan;nan;nan
-4.732191148528269165e-01;nan;nan;nan;nan;nan;nan;nan;nan;nan
-1.565033164934779997e+01;nan;nan;nan;nan;nan;nan;nan;nan;nan
-6.840609876737549833e+00;nan;nan;nan;nan;nan;nan;nan;nan;nan
6.702637335156389486e-01;nan;nan;nan;nan;nan;nan;nan;nan;nan
-1.370517676672530527e+01;nan;nan;nan;nan;nan;nan;nan;nan;nan
-5.495455305110472644e+00;nan;nan;nan;nan;nan;nan;nan;nan;nan
6.598780326444031452e+00;nan;nan;nan;nan;nan;nan;nan;nan;nan
-1.975547966495305285e+00;nan;nan;nan;nan;nan;nan;nan;nan;nan
2.735910213952398529e+00;nan;nan;nan;nan;nan;nan;nan;nan;nan
5.555181227141968492e+00;nan;nan;nan;nan;nan;nan;nan;nan;nan
7.622305163670328731e+00;nan;nan;nan;nan;nan;nan;nan;nan;nan
-6.032958192476471027e+00;nan;nan;nan;nan;nan;nan;nan;nan;nan
5.060159535796225683e+00;nan;nan;nan;nan;nan;nan;nan;nan;nan
1.203975730277940848e+01;nan;nan;nan;nan;nan;nan;nan;nan;nan
-3.668970517595977920e+00;nan;nan;nan;nan;nan;nan;nan;nan;nan
-4.285116863284472721e-01;nan;nan;nan;nan;nan;nan;nan;nan;nan
-6.022626126344786002e+00;nan;nan;nan;nan;nan;nan;nan;nan;nan
1.527051346078881089e+01;nan;nan;nan;nan;nan;nan;nan;nan;nan
3.375016168558026664e+01;nan;nan;nan;nan;nan;nan;nan;nan;nan
-6.311488361754910237e+00;nan;nan;nan;nan;nan;nan;nan;nan;nan
-4.166864406310520508e+01;nan;nan;nan;nan;nan;nan;nan;nan;nan
1.065771246593612220e+00;nan;nan;nan;nan;nan;nan;nan;nan;nan
-9.677584594788328332e+00;nan;nan;nan;nan;nan;nan;nan;nan;nan
-1.634011061726908309e+01;nan;nan;nan;nan;nan;nan;nan;nan;nan
3.783894113576465212e+00;nan;nan;nan;nan;nan;nan;nan;nan;nan
5.921936313435454124e+00;nan;nan;nan;nan;nan;nan;nan;nan;nan
2.685052680694331784e+00;nan;nan;nan;nan;nan;nan;nan;nan;nan
8.694625331603928586e+00;nan;nan;nan;nan;nan;nan;nan;nan;nan
2.428115701834605744e+01;nan;nan;nan;nan;nan;nan;nan;nan;nan
3.743895073863297451e+00;nan;nan;nan;nan;nan;nan;nan;nan;nan
-1.757443504784248711e+00;nan;nan;nan;nan;nan;nan;nan;nan;nan
-1.079509815312978205e+01;nan;nan;nan;nan;nan;nan;nan;nan;nan
-1.257402487539208025e+01;nan;nan;nan;nan;nan;nan;nan;nan;nan
-1.828336248760501093e+01;nan;nan;nan;nan;nan;nan;nan;nan;nan
-6.006919445644928190e-01;nan;nan;nan;nan;nan;nan;nan;nan;nan
1.194173231057238382e+01;nan;nan;nan;nan;nan;nan;nan;nan;nan
3.209341726984898280e+00;nan;nan;nan;nan;nan;nan;nan;nan;nan
-2.457258652044877589e+00;nan;nan;nan;nan;nan;nan;nan;nan;nan
5.000357398534092113e+00;nan;nan;nan;nan;nan;nan;nan;nan;nan
7.852015483699230636e+00;nan;nan;nan;nan;nan;nan;nan;nan;nan
-3.530683838573130728e+00;nan;nan;nan;nan;nan;nan;nan;nan;nan
-2.070306472366319817e+00;nan;nan;nan;nan;nan;nan;nan;nan;nan
8.827364994373436957e+01;nan;nan;nan;nan;nan;nan;nan;nan;nan
3.801954470169055522e-01;nan;nan;nan;nan;nan;nan;nan;nan;nan
-1.160412202357837153e+00;nan;nan;nan;nan;nan;nan;nan;nan;nan
2.794309368653732362e-01;nan;nan;nan;nan;nan;nan;nan;nan;nan
5.113880629592725313e+01;nan;nan;nan;nan;nan;nan;nan;nan;nan
-1.648777864974010576e+00;nan;nan;nan;nan;nan;nan;nan;nan;nan
-4.862158836832604969e+00;nan;nan;nan;nan;nan;nan;nan;nan;nan
2.414792949243862452e+00;nan;nan;nan;nan;nan;nan;nan;nan;nan
-6.315532844185596240e-01;nan;nan;nan;nan;nan;nan;nan;nan;nan
-1.832177833341500062e+01;nan;nan;nan;nan;nan;nan;nan;nan;nan
-1.974478401130273753e+01;nan;nan;nan;nan;nan;nan;nan;nan;nan
-7.131802375206437450e-01;nan;nan;nan;nan;nan;nan;nan;nan;nan
-7.100633340928153014e-01;nan;nan;nan;nan;nan;nan;nan;nan;nan
8.532539018401424258e+00;nan;nan;nan;nan;nan;nan;nan;nan;nan
-9.266506185619142855e+00;nan;nan;nan;nan;nan;nan;nan;nan;nan
-4.683651293152938599e+00;nan;nan;nan;nan;nan;nan;nan;nan;nan
2.462430174076456169e+01;nan;nan;nan;nan;nan;nan;nan;nan;nan
2.184568873311351744e+00;nan;nan;nan;nan;nan;nan;nan;nan;nan
3.964888015547308520e+00;nan;nan;nan;nan;nan;nan;nan;nan;nan
1.188814879749934716e+00;nan;nan;nan;nan;nan;nan;nan;nan;nan
-7.563167423164012249e-01;nan;nan;nan;nan;nan;nan;nan;nan;nan
3.578553357550123271e-01;nan;nan;nan;nan;nan;nan;nan;nan;nan
9.176554532157915611e-01;nan;nan;nan;nan;nan;nan;nan;nan;nan
9.189740888302534216e+00;nan;nan;nan;nan;nan;nan;nan;nan;nan
2.980099891863857042e+00;nan;nan;nan;nan;nan;nan;nan;nan;nan
8.911982723214785906e+00;nan;nan;nan;nan;nan;nan;nan;nan;nan
-2.687931387400157135e+00;nan;nan;nan;nan;nan;nan;nan;nan;nan
-2.147132678444090814e+01;nan;nan;nan;nan;nan;nan;nan;nan;nan
-1.594329704659657132e+01;nan;nan;nan;nan;nan;nan;nan;nan;nan
1.973079621408672324e+02;nan;nan;nan;nan;nan;nan;nan;nan;nan
-4.905850379521778493e+00;nan;nan;nan;nan;nan;nan;nan;nan;nan
-4.251032641210228391e+00;nan;nan;nan;nan;nan;nan;nan;nan;nan
2.125794972719951375e+02;nan;nan;nan;nan;nan;nan;nan;nan;nan
-1.750412353059969917e+02;nan;nan;nan;nan;nan;nan;nan;nan;nan
7.222063111871107388e+00;nan;nan;nan;nan;nan;nan;nan;nan;nan
-2.443796079427241086e+00;nan;nan;nan;nan;nan;nan;nan;nan;nan
-7.970535856474186831e-02;nan;nan;nan;nan;nan;nan;nan;nan;nan
1.345640455090955356e+01;nan;nan;nan;nan;nan;nan;nan;nan;nan
-2.271824176818525221e+00;nan;nan;nan;nan;nan;nan;nan;nan;nan
-2.160125310798160925e+01;nan;nan;nan;nan;nan;nan;nan;nan;nan
1.914592905642964027e+00;nan;nan;nan;nan;nan;nan;nan;nan;nan
4.491704740035395105e+00;nan;nan;nan;nan;nan;nan;nan;nan;nan
2.017461847850476886e+01;nan;nan;nan;nan;nan;nan;nan;nan;nan
-1.342217262045489434e+01;nan;nan;nan;nan;nan;nan;nan;nan;nan
-2.981097953988983562e+01;nan;nan;nan;nan;nan;nan;nan;nan;nan
9.511616601455244790e+01;nan;nan;nan;nan;nan;nan;nan;nan;nan
1.386932027884610674e+00;nan;nan;nan;nan;nan;nan;nan;nan;nan
-5.885709223035086097e+02;nan;nan;nan;nan;nan;nan;nan;nan;nan
2.355255395074413172e-01;nan;nan;nan;nan;nan;nan;nan;nan;nan
3.333764302008310754e+00;nan;nan;nan;nan;nan;nan;nan;nan;nan
1.855261876467579008e+00;nan;nan;nan;nan;nan;nan;nan;nan;nan
-3.382241268267153878e+00;nan;nan;nan;nan;nan;nan;nan;nan;nan
9.772732380035712652e+00;nan;nan;nan;nan;nan;nan;nan;nan;nan
-1.920889534688748013e+00;nan;nan;nan;nan;nan;nan;nan;nan;nan
2.879756346257043464e+00;nan;nan;nan;nan;nan;nan;nan;nan;nan
-4.582979281157517626e+00;nan;nan;nan;nan;nan;nan;nan;nan;nan
3.762820885152212469e+00;nan;nan;nan;nan;nan;nan;nan;nan;nan
4.640677600433344097e+00;nan;nan;nan;nan;nan;nan;nan;nan;nan
5.859179422384624303e+01;nan;nan;nan;nan;nan;nan;nan;nan;nan
-6.627186255696022599e+00;nan;nan;nan;nan;nan;nan;nan;nan;nan
3.418637953871119795e+00;nan;nan;nan;nan;nan;nan;nan;nan;nan
-1.486196039539335656e+00;nan;nan;nan;nan;nan;nan;nan;nan;nan
7.229716676537702114e+00;nan;nan;nan;nan;nan;nan;nan;nan;nan
5.656208103829873934e+00;nan;nan;nan;nan;nan;nan;nan;nan;nan
4.601355628096367667e+00;nan;nan;nan;nan;nan;nan;nan;nan;nan
-9.779032432735004932e+02;nan;nan;nan;nan;nan;nan;nan;nan;nan
-2.990248523975663630e+01;nan;nan;nan;nan;nan;nan;nan;nan;nan
4.674890270620947419e+00;nan;nan;nan;nan;nan;nan;nan;nan;nan
8.219010590083312806e+00;nan;nan;nan;nan;nan;nan;nan;nan;nan
-2.241138581396761698e+00;nan;nan;nan;nan;nan;nan;nan;nan;nan
4.590506592626510951e+00;nan;nan;nan;nan;nan;nan;nan;nan;nan
-1.122632348496052312e+00;nan;nan;nan;nan;nan;nan;nan;nan;nan
-2.308641991520136116e+02;nan;nan;nan;nan;nan;nan;nan;nan;nan
1.840744385040680303e-02;nan;nan;nan;nan;nan;nan;nan;nan;nan
-2.089463823588924924e+02;nan;nan;nan;nan;nan;nan;nan;nan;nan
1.183998014143537958e+01;nan;nan;nan;nan;nan;nan;nan;nan;nan
-9.407539906418818987e+00;nan;nan;nan;nan;nan;nan;nan;nan;nan
5.390332518936752360e-01;nan;nan;nan;nan;nan;nan;nan;nan;nan
-4.743338517689571709e+00;nan;nan;nan;nan;nan;nan;nan;nan;nan
9.092607953979833013e+00;nan;nan;nan;nan;nan;nan;nan;nan;nan
-2.645017678739873257e-01;nan;nan;nan;nan;nan;nan;nan;nan;nan
-3.887623226943652810e+01;nan;nan;nan;nan;nan;nan;nan;nan;nan
-6.859390405074665686e-01;nan;nan;nan;nan;nan;nan;nan;nan;nan
6.768304995837482352e+00;nan;nan;nan;nan;nan;nan;nan;nan;nan
-5.446367196975342218e+00;nan;nan;nan;nan;nan;nan;nan;nan;nan
-1.442775033681835406e-02;nan;nan;nan;nan;nan;nan;nan;nan;nan
2.101673683262880843e+01;nan;nan;nan;nan;nan;nan;nan;nan;nan
-9.164401459539387673e+00;nan;nan;nan;nan;nan;nan;nan;nan;nan
-1.487790195832281670e+00;nan;nan;nan;nan;nan;nan;nan;nan;nan
9.328134730492966042e+00;nan;nan;nan;nan;nan;nan;nan;nan;nan
1.973118966604175739e+00;nan;nan;nan;nan;nan;nan;nan;nan;nan
-3.335507639080090403e+00;nan;nan;nan;nan;nan;nan;nan;nan;nan
-8.610650373729258900e-02;nan;nan;nan;nan;nan;nan;nan;nan;nan
-2.072719805647132763e+00;nan;nan;nan;nan;nan;nan;nan;nan;nan
8.819793193313183011e+00;nan;nan;nan;nan;nan;nan;nan;nan;nan
4.053378213416019449e+00;nan;nan;nan;nan;nan;nan;nan;nan;nan
6.724616626399917862e+00;nan;nan;nan;nan;nan;nan;nan;nan;nan
2.686672215997124580e-01;nan;nan;nan;nan;nan;nan;nan;nan;nan
4.068853749622033433e+01;nan;nan;nan;nan;nan;nan;nan;nan;nan
2.733688916192911211e+00;nan;nan;nan;nan;nan;nan;nan;nan;nan
1.019790692545266175e+01;nan;nan;nan;nan;nan;nan;nan;nan;nan
-2.501461979834625815e+00;nan;nan;nan;nan;nan;nan;nan;nan;nan
-1.574321445482971038e+00;nan;nan;nan;nan;nan;nan;nan;nan;nan
1.830532059665771527e+01;nan;nan;nan;nan;nan;nan;nan;nan;nan
5.741710127299767485e+00;nan;nan;nan;nan;nan;nan;nan;nan;nan
3.237636230153997374e+00;nan;nan;nan;nan;nan;nan;nan;nan;nan
4.969456971265522327e+00;nan;nan;nan;nan;nan;nan;nan;nan;nan
-1.868745482604528441e+00;nan;nan;nan;nan;nan;nan;nan;nan;nan
-3.132579721907242210e+00;nan;nan;nan;nan;nan;nan;nan;nan;nan
-3.346919282976946519e+00;nan;nan;nan;nan;nan;nan;nan;nan;nan
3.012041608800176107e+01;nan;nan;nan;nan;nan;nan;nan;nan;nan
1.375889732882084360e+01;nan;nan;nan;nan;nan;nan;nan;nan;nan
2.697349329665025941e+00;nan;nan;nan;nan;nan;nan;nan;nan;nan
-5.476470017511851918e-01;nan;nan;nan;nan;nan;nan;nan;nan;nan
-1.574305629804346651e+01;nan;nan;nan;nan;nan;nan;nan;nan;nan
-7.409861873139456101e+00;nan;nan;nan;nan;nan;nan;nan;nan;nan
-1.516523723640868848e+00;nan;nan;nan;nan;nan;nan;nan;nan;nan
2.065606824319804957e+01;nan;nan;nan;nan;nan;nan;nan;nan;nan
-8.791200150326449858e+00;nan;nan;nan;nan;nan;nan;nan;nan;nan
-4.276096752467765327e+00;nan;nan;nan;nan;nan;nan;nan;nan;nan
-2.561595252491440711e+00;nan;nan;nan;nan;nan;nan;nan;nan;nan
6.735529814717253316e+00;nan;nan;nan;nan;nan;nan;nan;nan;nan
4.849758422361531984e+01;nan;nan;nan;nan;nan;nan;nan;nan;nan
-7.408748673398305229e+00;nan;nan;nan;nan;nan;nan;nan;nan;nan
-1.007759399174219306e+00;nan;nan;nan;nan;nan;nan;nan;nan;nan
4.308780140700074313e+00;nan;nan;nan;nan;nan;nan;nan;nan;nan
-3.278254056100695202e+00;nan;nan;nan;nan;nan;nan;nan;nan;nan
-7.832895126608062419e+00;nan;nan;nan;nan;nan;nan;nan;nan;nan
1.463395516275783592e+01;nan;nan;nan;nan;nan;nan;nan;nan;nan
-1.874657844847340016e+01;nan;nan;nan;nan;nan;nan;nan;nan;nan
2.799038058662068806e+01;nan;nan;nan;nan;nan;nan;nan;nan;nan
4.837661657064403542e+00;nan;nan;nan;nan;nan;nan;nan;nan;nan
-6.237573673245266015e+00;nan;nan;nan;nan;nan;nan;nan;nan;nan
-8.753088248214030642e+00;nan;nan;nan;nan;nan;nan;nan;nan;nan
1.114214445618184390e+00;nan;nan;nan;nan;nan;nan;nan;nan;nan
7.824396142624427064e+00;nan;nan;nan;nan;nan;nan;nan;nan;nan
-1.098560882805251993e+00;nan;nan;nan;nan;nan;nan;nan;nan;nan
5.455983512635567578e+00;nan;nan;nan;nan;nan;nan;nan;nan;nan
4.411071500075714802e+00;nan;nan;nan;nan;nan;nan;nan;nan;nan
-8.557567178677030206e-01;nan;nan;nan;nan;nan;nan;nan;nan;nan
3.933604178599138912e+00;nan;nan;nan;nan;nan;nan;nan;nan;nan
2.338493501295229482e+00;nan;nan;nan;nan;nan;nan;nan;nan;nan
-5.692251186531121832e+00;nan;nan;nan;nan;nan;nan;nan;nan;nan
3.889201810768751955e+01;nan;nan;nan;nan;nan;nan;nan;nan;nan
1.539138055429354335e+00;nan;nan;nan;nan;nan;nan;nan;nan;nan
-5.338939121988767189e-01;nan;nan;nan;nan;nan;nan;nan;nan;nan
2.123209675535054330e+01;nan;nan;nan;nan;nan;nan;nan;nan;nan
-6.484724674510209397e+00;nan;nan;nan;nan;nan;nan;nan;nan;nan
3.251707079172230230e+00;nan;nan;nan;nan;nan;nan;nan;nan;nan
2.231715420034682211e+03;nan;nan;nan;nan;nan;nan;nan;nan;nan
8.322934844124562082e-01;nan;nan;nan;nan;nan;nan;nan;nan;nan
3.909729371170252321e+00;nan;nan;nan;nan;nan;nan;nan;nan;nan
-9.464520986033114980e+00;nan;nan;nan;nan;nan;nan;nan;nan;nan
1.228563718089978707e+01;nan;nan;nan;nan;nan;nan;nan;nan;nan
3.998314245110945819e+01;nan;nan;nan;nan;nan;nan;nan;nan;nan
-4.158503381126992693e+00;nan;nan;nan;nan;nan;nan;nan;nan;nan
2.743898427639247295e+00;nan;nan;nan;nan;nan;nan;nan;nan;nan
-1.490143109781922881e+00;nan;nan;nan;nan;nan;nan;nan;nan;nan
-7.043648006300106124e-01;nan;nan;nan;nan;nan;nan;nan;nan;nan
-3.188815959085245511e-01;nan;nan;nan;nan;nan;nan;nan;nan;nan
5.508899927565213517e+01;nan;nan;nan;nan;nan;nan;nan;nan;nan
1.786403325171439072e+00;nan;nan;nan;nan;nan;nan;nan;nan;nan
1.898154171380532418e+01;nan;nan;nan;nan;nan;nan;nan;nan;nan
-3.637089395261611902e+00;nan;nan;nan;nan;nan;nan;nan;nan;nan
5.256531449669919809e+00;nan;nan;nan;nan;nan;nan;nan;nan;nan
-1.349221854665110065e+01;nan;nan;nan;nan;nan;nan;nan;nan;nan
1.693455170152629474e+00;nan;nan;nan;nan;nan;nan;nan;nan;nan
-1.158877394623677191e+02;nan;nan;nan;nan;nan;nan;nan;nan;nan
-1.059343101832973133e+01;nan;nan;nan;nan;nan;nan;nan;nan;nan
1.166160135022356936e+00;nan;nan;nan;nan;nan;nan;nan;nan;nan
-3.540125893624623821e+00;nan;nan;nan;nan;nan;nan;nan;nan;nan
-2.421970033046014237e+01;nan;nan;nan;nan;nan;nan;nan;nan;nan
-1.530529403630797525e+01;nan;nan;nan;nan;nan;nan;nan;nan;nan
1.396667012591311519e+01;nan;nan;nan;nan;nan;nan;nan;nan;nan
-3.602977011019018683e+00;nan;nan;nan;nan;nan;nan;nan;nan;nan
4.407417054218868913e+01;nan;nan;nan;nan;nan;nan;nan;nan;nan
8.966965354367042451e+00;nan;nan;nan;nan;nan;nan;nan;nan;nan
1.800863597119666704e+00;nan;nan;nan;nan;nan;nan;nan;nan;nan
1.062596775510465363e+01;nan;nan;nan;nan;nan;nan;nan;nan;nan
-1.638768869683562102e+01;nan;nan;nan;nan;nan;nan;nan;nan;nan
6.944008559000270253e+00;nan;nan;nan;nan;nan;nan;nan;nan;nan
1.410950780815751759e+00;nan;nan;nan;nan;nan;nan;nan;nan;nan
-5.094328696646185151e+00;nan;nan;nan;nan;nan;nan;nan;nan;nan
4.501801995118343669e+00;nan;nan;nan;nan;nan;nan;nan;nan;nan
4.253123748873949239e+01;nan;nan;nan;nan;nan;nan;nan;nan;nan
3.008738364965573453e+00;nan;nan;nan;nan;nan;nan;nan;nan;nan
2.134567934927885435e+00;nan;nan;nan;nan;nan;nan;nan;nan;nan
-3.826976094033324927e+01;nan;nan;nan;nan;nan;nan;nan;nan;nan
-2.547337449620842964e+00;nan;nan;nan;nan;nan;nan;nan;nan;nan
-4.033047615789891793e+00;nan;nan;nan;nan;nan;nan;nan;nan;nan
-5.579011264548436877e-01;nan;nan;nan;nan;nan;nan;nan;nan;nan
-3.554557099078634153e+00;nan;nan;nan;nan;nan;nan;nan;nan;nan
7.563670338719397535e+00;nan;nan;nan;nan;nan;nan;nan;nan;nan
5.534892534452168000e+00;nan;nan;nan;nan;nan;nan;nan;nan;nan
1.630448925838489327e+00;nan;nan;nan;nan;nan;nan;nan;nan;nan
1.555507272109230499e+01;nan;nan;nan;nan;nan;nan;nan;nan;nan
-9.069713120311974075e-01;nan;nan;nan;nan;nan;nan;nan;nan;nan
-2.309099397075057958e+00;nan;nan;nan;nan;nan;nan;nan;nan;nan
-2.997046440563106984e-01;nan;nan;nan;nan;nan;nan;nan;nan;nan
5.957315687427407624e+01;nan;nan;nan;nan;nan;nan;nan;nan;nan
-3.516787789782740958e+01;nan;nan;nan;nan;nan;nan;nan;nan;nan
5.122912448964641818e+00;nan;nan;nan;nan;nan;nan;nan;nan;nan
-1.872616338026525717e+00;nan;nan;nan;nan;nan;nan;nan;nan;nan
1.293587493180038184e+00;nan;nan;nan;nan;nan;nan;nan;nan;nan
-3.803878045523703832e+01;nan;nan;nan;nan;nan;nan;nan;nan;nan
3.686715988586084336e+01;nan;nan;nan;nan;nan;nan;nan;nan;nan
-6.564074177493346429e-01;nan;nan;nan;nan;nan;nan;nan;nan;nan
4.480077950303940071e+00;nan;nan;nan;nan;nan;nan;nan;nan;nan
4.251619519934811464e+00;nan;nan;nan;nan;nan;nan;nan;nan;nan
-2.326300877847996773e+00;nan;nan;nan;nan;nan;nan;nan;nan;nan
1.219490882444112412e+00;nan;nan;nan;nan;nan;nan;nan;nan;nan
-1.697715866957148023e+01;nan;nan;nan;nan;nan;nan;nan;nan;nan
6.612104236382776890e+00;nan;nan;nan;nan;nan;nan;nan;nan;nan
-1.166097490474648168e+00;nan;nan;nan;nan;nan;nan;nan;nan;nan
1.650146970315927497e+00;nan;nan;nan;nan;nan;nan;nan;nan;nan
-2.781972931168198571e+01;nan;nan;nan;nan;nan;nan;nan;nan;nan
-1.838031253266062492e+01;nan;nan;nan;nan;nan;nan;nan;nan;nan
-8.757156009114953576e+01;nan;nan;nan;nan;nan;nan;nan;nan;nan
2.569255416055456376e+00;nan;nan;nan;nan;nan;nan;nan;nan;nan
-1.003804545902009959e+00;nan;nan;nan;nan;nan;nan;nan;nan;nan
-1.359869993252718245e+01;nan;nan;nan;nan;nan;nan;nan;nan;nan
-2.905938686717945885e+01;nan;nan;nan;nan;nan;nan;nan;nan;nan
2.322371919582667754e+00;nan;nan;nan;nan;nan;nan;nan;nan;nan
3.242101471875442797e+01;nan;nan;nan;nan;nan;nan;nan;nan;nan
1.014323128734905481e+03;nan;nan;nan;nan;nan;nan;nan;nan;nan
2.286195854864013199e+01;nan;nan;nan;nan;nan;nan;nan;nan;nan
-4.665710315738738956e+01;nan;nan;nan;nan;nan;nan;nan;nan;nan
1.063904929414056610e+01;nan;nan;nan;nan;nan;nan;nan;nan;nan
-1.569027082995316125e+00;nan;nan;nan;nan;nan;nan;nan;nan;nan
-1.041416539687444853e+01;nan;nan;nan;nan;nan;nan;nan;nan;nan
-4.425645662008117931e+00;nan;nan;nan;nan;nan;nan;nan;nan;nan
1.281579801107440630e+00;nan;nan;nan;nan;nan;nan;nan;nan;nan
1.007576781787777875e+00;nan;nan;nan;nan;nan;nan;nan;nan;nan
1.448732291481410961e+01;nan;nan;nan;nan;nan;nan;nan;nan;nan
-1.010853372079390800e-01;nan;nan;nan;nan;nan;nan;nan;nan;nan
5.622455335652396968e+00;nan;nan;nan;nan;nan;nan;nan;nan;nan
-2.149017430647516047e+00;nan;nan;nan;nan;nan;nan;nan;nan;nan
-2.862662316972300225e+00;nan;nan;nan;nan;nan;nan;nan;nan;nan
-1.810536841215776294e+00;nan;nan;nan;nan;nan;nan;nan;nan;nan
-1.878084380486302607e-01;nan;nan;nan;nan;nan;nan;nan;nan;nan
6.588244148917793197e+00;nan;nan;nan;nan;nan;nan;nan;nan;nan
-8.681463388931625502e+00;nan;nan;nan;nan;nan;nan;nan;nan;nan
-6.262820105059900833e+00;nan;nan;nan;nan;nan;nan;nan;nan;nan
1.286158133351437804e+01;nan;nan;nan;nan;nan;nan;nan;nan;nan
-1.979998719611251090e+01;nan;nan;nan;nan;nan;nan;nan;nan;nan
-4.144413165433902257e+00;nan;nan;nan;nan;nan;nan;nan;nan;nan
3.178192028609378106e+00;nan;nan;nan;nan;nan;nan;nan;nan;nan
-2.667555022982257107e+00;nan;nan;nan;nan;nan;nan;nan;nan;nan
-1.104246894189337702e+01;nan;nan;nan;nan;nan;nan;nan;nan;nan
1.404260623036160949e+00;nan;nan;nan;nan;nan;nan;nan;nan;nan
4.105397800133465225e+00;nan;nan;nan;nan;nan;nan;nan;nan;nan
-1.343324117731848233e+00;nan;nan;nan;nan;nan;nan;nan;nan;nan
1.972977734535479533e+00;nan;nan;nan;nan;nan;nan;nan;nan;nan
9.085726600906610884e+00;nan;nan;nan;nan;nan;nan;nan;nan;nan
-1.407142385321092661e+04;nan;nan;nan;nan;nan;nan;nan;nan;nan
8.436359367714210578e+01;nan;nan;nan;nan;nan;nan;nan;nan;nan
-2.260019324291976162e+00;nan;nan;nan;nan;nan;nan;nan;nan;nan
1.192612477557282169e+01;nan;nan;nan;nan;nan;nan;nan;nan;nan
-1.823296508522540549e+00;nan;nan;nan;nan;nan;nan;nan;nan;nan
2.419430006582516945e+00;nan;nan;nan;nan;nan;nan;nan;nan;nan
3.980965260404956574e+00;nan;nan;nan;nan;nan;nan;nan;nan;nan
1.221019364063910473e+01;nan;nan;nan;nan;nan;nan;nan;nan;nan
-1.473478797035874521e+01;nan;nan;nan;nan;nan;nan;nan;nan;nan
2.929780900372400687e+00;nan;nan;nan;nan;nan;nan;nan;nan;nan
-8.206668043535065848e+00;nan;nan;nan;nan;nan;nan;nan;nan;nan
-1.610355461001158561e+00;nan;nan;nan;nan;nan;nan;nan;nan;nan
1.235597392614155243e+00;nan;nan;nan;nan;nan;nan;nan;nan;nan
-1.055223312621976994e+00;nan;nan;nan;nan;nan;nan;nan;nan;nan
